915.495118797,330.219845518,533.327767666,388.774063286,320.015187725,802.741655217,435.759605802
744.913367396,361.792708068,141.369013438,868.273171155,281.989693908,986.309168299,819.168918768
711.92744765,107.907916468,31.4184491172,403.059683972,722.852475555,804.632974725,335.83426377
503.671495307,38.685625057,105.608963824,489.001564291,818.793812972,128.93501156,82.8561185494
954.442042414,781.138633251,113.12709994,509.953353037,854.910383495,47.9346173525,531.324967914
736.004921553,787.128951463,710.855249543,227.946440044,676.036870866,637.145051683,426.409033259
232.55308862,942.247422023,535.714275571,966.296333082,245.801449674,838.530814028,430.888407916
392.337159759,939.375926217,578.848073337,26.3554488068,675.433847486,956.278988481,388.32345791
189.394854383,680.420656923,470.050892255,692.637912589,55.2813812709,751.688410762,939.874473459
927.790479572,344.229154847,152.238289252,632.389331189,473.769772976,816.539500088,256.237130093
176.248240864,94.4716205795,129.413545412,191.554713006,416.179241924,750.51041228,814.749411102
596.124665534,442.659865136,102.198078111,132.150524185,339.541011037,998.686939159,502.839157179
146.279226928,966.017083514,753.695614323,214.862796314,226.239085244,565.396734495,430.627530416
669.476356405,321.203921901,318.031041728,833.615840024,394.296238691,913.544622634,51.662761371
750.71562837,853.48021617,318.890510106,933.10821748,356.888710938,314.852309861,189.395561462
185.455934566,608.068628226,688.112321742,571.477476979,943.525534702,649.225866161,110.469926742
198.662277164,83.040867393,997.111314853,613.483966539,594.495008478,298.416315507,638.225577231
64.517650335,755.050356504,913.502710608,329.210021091,980.536985132,52.6002674417,66.763003443
886.583258623,346.723426299,638.308227666,462.800392096,527.44699214,724.649138734,862.900470419
442.634739172,408.539242841,243.68040601,676.072512939,912.786770834,425.125883616,653.967027325
78.1605565156,966.062979659,470.913096252,571.546788795,710.353372471,928.300511867,427.467533086
576.168840908,309.212997114,421.991463982,506.948410742,844.228056414,162.756832498,96.1930357696
19.6297199442,786.505630058,781.56195962,397.66243369,534.098418294,151.287013681,431.838881852
184.387673037,683.954189744,932.699657782,765.687644896,990.396148095,273.64182237,123.718362528
922.983065367,421.129031122,262.769567247,208.437975831,439.337716974,809.793569941,472.911495624
389.204118662,436.746384962,330.552779924,125.69485339,822.52043521,499.817434564,409.96189959
891.187438773,944.608014067,906.480971658,393.864923564,879.360574215,306.643500085,984.938790172
819.374115098,892.021788227,372.330931147,427.51180178,633.869531178,649.135404001,326.273286564
428.969894156,5.52110104113,160.587678087,430.811807585,44.5624706779,312.665128491,97.6579660679
512.048124884,269.961920123,575.133718148,959.829731192,473.207368451,588.597839543,494.293489659
392.198040591,421.038940775,411.178795691,668.236839082,789.5729335,359.381628907,841.522625896
997.314496247,558.067119891,868.181278413,211.646720321,15.4509818492,357.62684929,743.169912052
186.568074472,675.840971963,601.871839785,376.45309237,501.051502891,13.6669364145,433.055825121
547.427267508,102.076377304,170.220183841,560.101795958,686.836436446,310.150871966,954.820375193
386.166276689,370.141447694,64.481790349,21.9923991088,286.834860234,614.632767428,465.407762919
987.02085543,528.419210015,846.379701149,508.716219712,57.237308762,72.8964337647,57.415558857
880.814120223,842.796526892,370.810418133,628.790096094,255.120036069,833.265584479,613.472685269
418.717992236,595.703778099,495.947235848,36.126550825,581.967926525,492.529971339,151.945778928
424.72926299,52.7831929806,540.917504772,261.496597607,412.00091807,890.485354386,275.752297813
889.318529047,552.506405244,700.492342358,884.753714148,615.816281077,930.067251239,48.4497027033
354.62562561,898.209573978,784.831566889,346.225111947,925.542823307,330.749468808,321.970359903
645.016120972,649.343648243,297.167912482,444.00445429,261.705253976,516.939858578,801.021441204
307.520856393,790.953729329,817.241105143,858.868836039,228.617355279,533.535963724,95.3092612389
66.7139345879,38.1527064079,22.9859333335,139.239841022,461.462715836,293.238507526,74.3579845116
491.864847488,924.418000214,114.681407921,935.567918333,721.183763915,103.533546883,923.17342391
599.201891001,970.336747358,179.865309636,348.986039382,633.155575595,701.150841338,140.038847503
305.986858739,83.0061190147,841.073576504,577.744426856,387.849581466,44.866099494,272.246223992
707.155442887,141.496811701,946.631956242,329.216151937,424.19726478,620.869800946,360.335930124
242.818941185,182.820564189,172.939010646,641.717184354,871.197643598,764.093796671,34.559134313
313.004653363,428.006510935,250.547424276,47.5850713034,455.630159418,881.138777589,974.259303567
174.617311216,379.978584253,174.923859654,260.395469334,596.126029975,93.1703779596,928.852765016
639.693974404,363.735618798,128.332172441,518.441120092,745.197220869,108.956373608,290.197731506
383.895861856,348.360531409,661.788003057,647.577349723,634.702891003,422.007470828,217.958057779
268.510017471,723.859086744,902.926088803,192.969953243,181.414854902,25.3874792916,716.558073675
316.614023556,781.779814538,763.401051805,659.127784238,699.094783451,676.887328698,421.525449309
914.683514881,780.525200248,468.626405486,103.467023392,527.308728779,357.949643003,571.076766679
93.3585397174,175.598244899,970.16485372,564.30281213,192.320488795,429.998579452,332.512786318
9.66920144789,398.031278141,441.75642161,635.277137936,761.964878991,993.87999048,423.266849069
148.355043079,663.76681086,536.70642053,23.6058594418,270.986150667,740.199972573,311.644896147
204.674580106,183.48975543,554.898135761,887.751699998,486.002364796,12.3339441974,541.922589648
783.876011135,793.256200401,484.516397309,750.412730539,909.896705468,956.532206983,729.968206799
405.828195827,795.865511046,122.457176702,555.052006639,235.506360177,188.803189271,311.330625066
970.40396151,915.873766032,616.017797181,479.973994645,552.928408618,734.668952233,616.19284064
655.956248612,578.960733129,321.51874709,754.264209201,586.392985485,470.862402766,373.673269621
958.556681246,682.583027343,498.332941985,922.222779844,277.169181281,224.297394111,472.687965967
984.694210338,155.245937391,277.074912637,500.417577184,391.318047157,147.412401164,986.787982076
823.014330314,860.290039202,82.667330179,254.683657647,647.660711466,801.769279436,11.0083391591
343.312237514,464.572175004,394.149908645,440.839479061,969.910740778,187.580065379,434.375115189
843.224112568,671.067534519,206.023649166,396.538790809,256.319851119,314.49388267,661.979206839
810.336090751,488.177802418,65.9104583066,954.000377187,923.788881674,476.332459312,17.0499190973
619.775812447,485.496516384,250.758205781,901.572765419,93.334561396,890.482326051,700.935386902
940.16759262,506.285395104,508.737998688,192.531536341,966.83902227,422.509262664,521.909475762
83.6002519905,690.508886644,353.853957698,485.883205954,520.953620304,191.130651096,254.559577087
474.130552117,308.300079481,358.499904864,918.787685237,402.914087899,912.275858703,361.718821698
302.303205027,217.352633365,927.935575782,436.626482255,179.956945708,656.212450979,694.442948545
830.627397454,405.972411977,534.286480276,604.099465765,774.584973194,779.406954232,512.903834559
582.583742544,108.801167266,276.047761582,207.205602958,967.549727546,710.242375156,794.350737911
353.763186752,9.12044930999,285.149023353,656.912969786,186.692374172,349.912064846,53.8108356779
143.510092519,721.294216381,709.05857077,416.485150115,690.393223818,4.86194356432,506.061258559
185.087517409,354.479870188,981.150164176,653.218851566,401.41452192,509.22944418,596.777362065
131.241953224,691.815094106,614.849069547,60.2983011881,400.508508374,331.244376501,80.5473140443
418.677238978,617.417126253,997.183745273,441.943605811,82.1864427531,497.463480562,770.345470239
496.18212194,38.0679683067,224.347258461,352.050214435,497.378937965,453.603523456,43.2073077961
527.322678007,458.88473601,419.368546952,579.932333934,528.275440684,354.578052905,472.299674389
452.940688214,202.788634956,793.066049421,365.582149365,177.99838521,636.269028478,702.061292514
97.9665273226,90.1328172919,263.447022607,225.130864677,524.632977806,410.697835038,793.081185222
605.977349526,524.009252677,462.279029127,528.119166421,895.189621329,537.345974734,979.605668361
543.421334982,83.0467747534,532.105780614,160.932956545,262.72510894,760.698930042,860.49380373
863.149103836,524.909038995,872.517024301,12.1582938489,40.8862467694,337.04899068,837.032281191
823.847920054,487.61223811,197.625532962,211.560320968,270.593030114,386.57741015,166.573175468
965.489654205,179.857123294,654.57055112,443.615400654,599.747709195,102.79854224,634.859282179
746.040389395,563.209637756,75.4916781515,834.755500508,414.303684936,365.886440257,875.194148556
490.793160989,822.496522359,368.646424286,567.036685002,381.487733279,701.187346317,518.433147109
332.177932551,80.0021666867,851.925959768,970.591636011,455.15640765,55.0851777053,117.572312468
224.915427554,551.496120432,634.748427522,673.191431822,693.665346416,457.917582875,813.956571753
394.247428162,443.60693714,309.945111311,698.076989062,441.003785105,659.48177074,526.910284638
390.791676494,588.89727257,248.689620133,193.386584089,916.614626617,55.3818702472,741.772654286
647.205196247,914.02697185,905.024111136,300.902274117,41.2568684041,258.522286196,292.463301004
626.429580317,225.693385398,4.23563576671,599.07242732,776.741594901,464.589726144,670.034680252
752.75293752,490.382426417,628.1318849,221.312900503,191.781122675,252.067699813,370.354117188
475.216553991,974.736650944,875.990176059,572.970553921,299.819417612,33.1118435363,899.9084552
260.808312941,383.649765528,469.558911632,721.293648517,479.081153976,13.4541277082,688.193663097
734.875493724,125.574743218,297.92703603,297.498798274,432.952980342,315.143153262,336.431961989
533.654918297,370.360676504,960.215699205,207.342825264,490.357078843,915.647891806,281.41752459
186.271094192,620.300084813,594.108747595,767.642637122,431.32760537,914.656592117,945.25201285
696.426551126,380.022917576,28.2196780784,501.845764644,810.173445572,650.33446341,803.746542505
642.292995582,336.894678694,718.951727983,650.257764554,213.2026722,664.75674763,530.669681306
911.823882689,273.231523653,75.0083524124,5.2011394538,557.401008602,465.545163862,488.329710981
327.026313277,253.709786655,21.3265056415,727.748658625,225.101209808,148.258229584,571.0947187
940.392424237,528.840891468,615.405225295,189.621616239,700.789505324,54.3300110719,542.757003109
577.915878941,448.467020871,61.4032890517,817.271364592,37.1977093632,737.008199753,89.5624539542
355.201035689,682.350775777,552.576657461,212.118646733,927.542780803,996.968490751,996.581555965
959.727362728,588.129970385,754.583976804,420.559241001,995.47868595,661.173651732,639.099684056
69.5965723461,714.27669021,961.740497915,455.657846202,295.271599488,432.35602173,720.775064442
903.636698925,792.671517,511.086869349,871.528802924,634.37436295,318.566318441,705.403751967
759.269126777,192.609863627,625.145730292,850.872232493,394.165817395,569.363162191,723.947433234
424.378779522,711.650481695,514.546086551,828.648688841,480.020978965,723.877841214,316.549647634
767.060209337,424.226052508,505.394173739,418.69346081,293.574691273,344.259417582,573.1737168
978.338600711,250.323518742,722.186340338,426.238871007,101.278100607,317.301314367,261.443294563
433.739836627,673.187989792,884.898900926,597.863566339,74.2357661371,142.291484109,879.029934827
28.3154331589,68.1346045574,465.62037138,107.100925082,646.673001776,365.680222384,492.08073224
655.231694157,522.873586475,236.763991338,320.61477488,418.233804424,194.094127859,579.965476012
194.566447406,911.375967018,10.7990161768,975.866807876,486.281634393,646.483119389,326.248750451
785.009811192,548.646816458,564.644013981,311.847205145,559.011074893,411.762810724,178.177756981
64.6188514896,511.616697754,925.09028023,431.835571755,795.328940469,821.395138289,134.988485297
643.434343032,523.618891902,287.718379207,160.680570447,368.274476654,535.109646034,344.518954987
767.567479293,44.8467590628,870.694437395,895.603434808,439.793910036,520.200268002,227.577947698
101.893330454,386.644293392,862.355880677,670.758172216,542.968253662,522.422975312,518.330240071
108.453626497,230.388035865,388.133501611,20.9767005428,30.4037261209,874.428483815,872.488331531
44.6183930774,764.30822861,186.765077193,538.836169297,748.777914315,197.920270175,658.275225498
339.885157729,612.028323379,940.165917281,496.086373243,720.275867982,528.769921375,839.948917732
925.811291882,194.346758179,127.268121743,158.796836617,199.810582146,369.420475446,551.904201962
88.1814959315,493.954908794,818.743765218,982.908892216,623.314147211,938.691050149,488.54447361
23.5533694775,638.504660932,778.484726687,7.08878416181,639.383319261,918.749699827,132.511602902
718.169666689,792.95629871,985.372235985,227.16789447,766.434416564,847.59424133,869.033488629
33.5709818332,796.240305138,682.577421756,159.525026031,764.653230612,794.565594183,305.771509055
225.490799985,652.445930587,892.598441318,338.170295405,573.89397288,432.05914071,537.907327474
750.176392224,993.437447364,13.2143183218,806.776628947,791.495940432,440.784698714,302.271447458
701.604445906,842.909267313,551.775081845,31.6022893798,282.587474329,664.882236161,652.401969827
79.2442402829,198.948808916,998.78832159,330.531272808,829.057377809,450.537783826,985.819555335
854.716070031,160.469178432,134.287050954,197.723460804,474.9031403,682.650223183,91.0662032681
949.764092179,665.599179376,644.54483973,187.458952139,593.53252704,847.459444426,948.725817145
571.799630633,522.008572098,666.660871377,105.898670224,291.689336753,274.632722198,550.052044915
685.242490654,592.100290029,758.855843276,905.356178248,998.832360234,946.284894702,143.374424872
223.784098476,331.671900965,60.6988338491,90.2625203195,123.495355054,369.010411046,495.649082114
140.823796737,806.520594688,839.503755189,602.076299789,176.598201545,29.9455083188,794.749619397
475.835126088,550.537769009,604.835855552,894.662585573,375.96049751,587.023766432,829.98081414
759.524438803,866.852525154,573.703046867,842.543184068,433.910314977,175.408447406,390.259672656
616.867705777,714.63040282,457.181471843,748.902245175,468.184630017,999.726852529,570.980209692
77.5828678104,888.774216664,355.009617782,407.343352371,137.640765185,260.032096504,699.281182541
900.391446241,596.743342662,819.721718155,476.531709033,905.937673939,110.108525957,996.002630651
761.402057363,850.443429054,728.33369089,778.412070977,434.837356394,347.656410573,824.595400425
304.33233073,909.514627465,255.00418328,463.679569456,775.334763233,241.950291904,418.491043163
309.623730399,273.323505671,656.75378339,342.290415871,212.174996099,175.901607656,302.013887492
388.655790409,120.536504105,134.710381269,579.645386996,329.602999733,358.426367868,582.885220356
135.874448377,586.300040668,39.4543276395,139.257874183,319.606665835,543.294928388,823.861808467
11.3290336626,827.879141705,489.755591567,677.796633107,923.09753216,570.251414997,624.979989315
865.58562214,644.336245188,675.447227661,601.992040083,762.297803632,872.096044221,696.893769225
599.740912922,530.101159812,806.890554776,818.912834267,426.861387786,28.5395078228,246.005209145
530.728442278,140.952849316,932.155854304,76.9752192438,574.646688331,651.534750875,441.792180985
617.401610946,54.2658859626,918.032782829,20.6091353553,85.8276599879,342.35473539,948.610364961
602.367639403,741.857146424,820.811020611,195.330480766,342.450804578,314.059759278,237.63595965
564.006810925,267.739131115,894.37983959,383.119382316,171.848626703,648.349845091,593.300153636
969.361471127,154.847891956,192.865070225,431.46841601,224.782725331,502.150217442,657.493722683
530.007711476,976.681715386,120.736208787,346.298340709,418.915332285,0.409877702689,585.632714912
728.020218008,782.121251535,656.588428125,680.694471338,94.717407516,985.428242279,615.747272781
516.779753615,358.648442519,941.449052286,819.528698802,374.683416143,952.070698136,483.070982127
160.548904437,742.234439534,435.740616824,824.056058991,726.654097393,977.467846171,712.457052299
98.195986832,449.090657668,53.016530392,821.741410864,370.697782102,342.964413947,632.659669925
229.054443487,5.15874665888,624.488066063,352.010652041,365.249517541,744.566560997,858.620627279
350.3356799,815.840818982,462.572781775,898.003321092,104.271405188,306.929816839,187.672931867
575.191281225,848.428704985,707.357602424,526.894648932,637.168597038,433.13164296,313.72202419
846.403125389,44.2524327913,234.923555493,868.289379248,863.616594983,489.666128053,261.432610891
227.263422391,331.606277493,446.115375109,477.01177866,695.327366653,141.944109844,7.79512620931
796.423279513,418.751466527,846.206144204,486.329931787,386.374564609,294.246630875,492.45263174
426.4322362,621.943262481,12.2062252719,443.138468016,616.461296125,794.300406518,41.6767779695
949.914668202,389.423216117,859.93984911,53.033659806,910.526237922,982.423515361,638.108490153
829.824205104,57.0634050869,446.672389478,127.643129993,943.898820803,125.517638765,731.598373101
41.3578745386,942.310301691,676.346314016,577.553651832,38.5062366848,411.709907516,984.500147477
607.872168309,759.077937314,391.209942599,658.661186764,637.043415528,135.612896253,552.195617505
228.588204171,859.043739755,146.57618602,540.710010754,183.025537095,443.87275178,600.72631417
546.355947737,704.979027891,207.52501825,481.994552033,46.4608274348,923.169797452,489.778861408
483.979912039,482.092717604,970.645128844,244.679935115,795.385617029,457.805252379,978.363050008
676.408181831,722.008440182,919.642466546,302.258189436,799.342296825,694.653671957,924.207384427
245.160289939,111.153909838,779.545855222,853.330542267,231.619465634,997.306235853,351.738512749
496.349680473,853.884674229,258.502508007,365.077509866,857.187747443,249.551335022,358.035249738
813.212074906,977.939454354,856.636491177,59.6099984868,353.024793987,167.104710406,596.57405287
224.15438228,768.10704046,905.141284076,13.8666140436,674.964494537,964.116619109,640.621281321
605.625323506,96.789277667,775.356629766,341.728788718,274.283388745,912.81318223,101.610024752
730.173518215,208.213861813,255.804404041,912.526412479,394.405303606,50.3572038882,371.247779661
91.9885316768,414.484271663,520.834231635,778.891965775,606.207217177,816.135955028,745.151977599
333.563395896,92.2074926014,250.226396147,213.250470689,102.817292675,365.313314567,346.796465431
954.37930097,292.880419583,907.200023622,85.1203423943,620.497119349,980.767122519,167.763290711
461.556639691,47.301256197,957.887608569,56.5856713703,423.658387262,381.285692588,505.834094383
674.850053693,698.021050158,751.488038579,847.944761543,477.808829066,508.49666572,912.288617341
104.169342059,675.535461636,364.882182338,190.058606824,169.434520764,313.226306998,256.989559593
583.740117865,935.452336173,347.482530167,210.187406675,552.25735111,412.921583254,632.914731481
355.422020932,952.947657366,539.893150335,266.007160654,65.4024484878,169.06925789,183.182374893
83.8069912306,82.8120667287,868.35529626,433.293946788,543.464220582,85.6531754646,180.59723794
957.8314973,920.8803962,659.293812392,545.843737782,347.351123504,52.0839537384,806.372641052
277.72007936,425.83086717,764.235669476,869.978166634,933.417599881,805.252215411,261.297888056
394.099872592,658.566244983,65.3612050723,525.53191098,374.000033745,280.611596669,280.617225239
415.126135051,374.084100917,298.169432583,63.5597094323,759.1952758,945.151623118,218.941553705
375.765080043,804.537070347,608.654604107,402.175289432,911.229030115,24.2537964902,388.019208336
295.934511623,315.941720064,623.983117744,933.820609354,203.558444681,650.306400975,958.996293109
264.98591641,392.995895858,670.74255776,6.81234164502,536.860068526,895.059927261,841.839168371
938.154470375,512.284596151,47.4846367721,917.941732166,368.464994043,968.772365455,235.445630684
503.247475365,853.843968719,177.817423903,574.245090207,53.5335097318,34.2348050368,717.083056642
862.458183674,143.453726257,260.936632832,730.788339898,773.43033546,631.996926865,609.117757035
888.894322519,843.778228029,297.32269714,199.894226579,918.625473852,987.43402379,741.764130026
681.775084695,853.494322631,819.544672755,182.535087799,926.589111334,274.058942942,401.631374373
78.1076127733,351.817154175,77.5056850536,382.713185533,701.86288555,179.835085646,349.372632175
143.968888903,128.412209316,745.427775093,842.592899736,603.607512452,957.785129722,693.472045671
436.85908841,496.471249332,73.8319599404,370.333480219,361.043782567,574.349472073,70.821446767
297.262143621,414.425169487,982.627607531,648.616312607,530.648700523,186.811708239,864.352402074
292.268187166,536.19159558,710.562878899,842.994723797,614.873767589,810.605869976,714.551368393
166.510428909,343.352459318,622.926494674,175.731417003,227.031503201,893.339674339,776.96690306
756.170774468,65.9320709591,408.953572187,636.94116878,673.273065451,500.113524909,451.403703653
134.396164103,899.815801243,622.541582347,994.425746716,753.868104244,917.353866127,137.263986121
540.985756654,718.544250873,951.53794149,455.730560986,436.617658625,1.83315832946,376.146440403
537.064325383,944.903896569,395.145644347,861.200906177,990.1221201,558.133858465,985.383297704
964.222942407,828.204845213,189.82839435,362.623620304,710.93776376,112.581531858,105.11696746
808.280914754,559.934614799,943.143433798,970.085797625,181.317691033,78.2794903211,304.921898858
600.243646348,895.185045871,193.527049957,542.593811455,678.868465419,122.493287601,443.216554562
425.15500801,746.796378718,192.130007073,699.342661935,328.684097428,277.493888836,4.06500433035
181.281591671,253.342173831,108.051658956,164.033225717,883.985836232,780.487173714,421.686535835
866.186190833,691.493223153,307.142928793,23.4136986305,391.410004014,526.188106164,907.224591938
524.185372689,181.119160601,666.708907609,477.692347889,54.9266985119,379.028419218,28.7180133501
308.616853691,27.2603302621,308.108207101,257.498530989,3.12264034399,20.2998425588,778.783398753
374.648518908,328.530138832,161.299477106,364.454820891,339.847979437,726.7410117,773.711086894
869.528308915,145.167958598,21.6827188787,178.212834617,657.775365146,661.152407677,593.010928601
446.152784154,399.040850307,422.070400897,67.8612294515,790.798320362,628.710434401,255.48290014
448.92126228,301.588602715,108.476012062,752.590719884,221.158838393,726.796825105,36.8351482941
986.821224935,399.34027971,712.038288762,762.928858907,628.476497722,882.617931931,181.16851011
533.917226986,987.420049733,857.129789639,63.7788902174,212.055380137,453.368731814,43.7295207864
681.141821953,426.961592954,504.341607012,300.617414307,649.679103877,761.390815211,787.127787535
890.107474323,114.905783628,446.067166528,924.44010187,959.740588892,226.285375219,666.008590998
698.189616238,747.447634879,195.763709861,812.3729502,902.025254741,851.666051978,528.598326448
31.3149266777,773.266730031,319.856337746,596.32897478,589.643444908,455.828182854,250.745022179
71.1120238151,607.5811116,657.276417828,855.249892649,34.8250273856,559.78501981,757.181934879
19.6728249671,410.165795371,138.216684932,322.616057978,28.8787088669,261.458801286,765.626080485
250.965158483,227.620531328,950.063698774,895.982987642,591.294013672,824.557918317,48.3551208437
763.468761242,759.762817394,577.775534622,787.274373228,758.297854396,569.233986217,537.503587276
529.14146496,314.162154587,719.206121486,530.58784777,317.593424365,696.554607181,37.6070001644
908.855070319,874.521505746,515.162772254,1.98690884546,118.186676931,176.176143465,228.609166889
287.303652024,680.875567459,463.313324795,425.009753974,827.111968261,820.990372601,563.860702277
103.696328529,419.142057874,956.980584748,733.649528783,319.887917774,667.167978012,459.281326774
49.4628667781,409.009077599,920.417638791,838.927141651,472.558878775,189.113887642,711.689854825
176.944773834,454.760953772,414.211761415,738.88604726,230.735231634,72.5218981685,646.450196752
271.529276566,433.317154488,959.720634563,460.711839708,272.972482599,458.149890089,881.223553412
554.06125156,875.814632655,845.034836063,497.296139215,501.376195467,155.851334075,963.697007586
137.154535746,645.527585253,49.4519568668,542.107002641,324.809012407,752.508840213,36.9980944989
387.426870957,37.8592248954,391.396697171,901.297634631,440.719816608,952.346897359,913.14398931
259.905936403,407.617465339,358.612175801,681.363060452,914.781899758,562.837460347,970.005274956
319.114831219,969.704612487,559.330730593,106.83744452,439.120198359,677.079186945,346.023719962
226.611260387,191.460689864,26.0760175831,778.132841395,129.607361667,631.118460633,844.593405551
463.025940728,189.699488387,803.103037067,194.491255403,818.363543623,292.211841901,779.685382194
100.44421356,169.675873518,386.363353145,844.404255217,271.385334486,393.393095811,424.343042424
339.238507306,742.105131786,608.361599084,282.170077027,92.4869882332,128.140859278,554.876791701
773.742278508,108.074421718,169.600429842,519.670652477,856.297334483,128.883084087,764.170255993
82.4598755879,221.446913275,823.325755632,694.665886215,557.409998508,190.10319756,623.929698069
467.301766117,592.607890163,9.30043487901,884.618142826,625.45785109,650.424245007,656.330411195
365.957608844,349.281987967,603.390994132,714.243452255,517.429231099,396.85767549,210.693265708
726.756979176,121.021207267,308.427448378,713.995834787,428.936267889,508.584145334,936.991488382
548.480816346,659.283696838,104.406502877,549.854332704,17.3287818669,516.553935033,898.048555672
130.625361986,534.177699647,779.28509655,134.625884639,420.756510933,657.771241908,929.715905889
329.664798712,700.466694799,397.633014649,939.602344409,917.446565228,80.7170840346,389.650187341
85.9460836027,882.722026178,440.789543507,410.970160158,804.792396084,95.5816527658,266.438788742
726.112353628,160.569464571,151.089762455,456.099345049,413.366671341,222.1621243,432.675420176
180.599703199,492.410327657,510.232594418,51.9574528177,83.8382324958,228.286651357,619.494144027
998.963015609,951.174060378,622.41660461,59.4136565876,949.023633727,186.205580327,529.519350181
253.115851957,781.692533763,508.5175411,835.64139419,452.034063281,581.271476025,97.7454702129
87.9416614008,786.619620505,205.709715134,462.98153801,690.700208039,702.087166529,786.920868957
532.754204958,895.633163114,432.600170991,412.600223952,717.822672438,635.831134961,980.104435356
357.419257706,633.765857605,58.7214176548,517.990526593,749.04119241,501.398096476,706.864430252
319.593127549,116.091413855,872.847322334,152.76054452,372.807155698,393.040398747,180.902900535
339.78452549,456.478004842,801.069277773,85.7385020883,337.602518656,436.616535456,786.787553948
468.967138561,870.976274391,665.732265133,98.7400904232,725.675582326,853.012356052,37.7102707528
185.482776197,21.8424127573,303.883094586,368.118636912,643.074021472,524.85656031,944.067416199
155.992336399,807.574448386,542.176767151,648.279405743,805.915630948,343.026402049,982.935539091
358.327739465,893.249812421,841.562612751,437.582289974,586.502905985,10.1100462378,945.779770333
126.875541394,843.187880814,169.421359292,551.072932624,357.114934509,157.657626249,44.431523008
267.906036788,127.588326924,141.821938285,224.544710694,43.3647086648,484.52690807,657.732400533
239.139502815,388.098802313,188.77843398,273.916460823,304.814030445,558.176660102,373.798611095
379.902773554,592.534336304,115.106180608,165.093023111,752.258308194,564.42716801,881.822998075
633.279245739,162.147771288,993.263101461,933.245510706,960.476619417,479.912024646,170.705044295
895.802062837,412.077169633,944.569645767,188.896769607,269.084519966,832.330618796,940.216568119
321.42518048,724.030431961,580.151616488,230.773416274,804.171355323,573.800799926,560.42876903
89.1526131631,142.25357606,634.530027211,816.477440327,824.463057867,427.6631612,291.778375601
445.457650906,978.87859447,538.631458234,337.002095637,754.070702687,304.056778338,926.356317213
922.811094611,577.276418681,147.41915198,146.431317857,433.54382182,988.754293319,76.3816305383
57.7392998643,122.350850265,20.3533570738,901.24403233,47.0876615744,252.105547725,905.050018862
475.626590081,150.213739619,371.573228759,525.112741795,81.5032144069,385.442671489,312.562991074
719.722127911,406.630640782,185.328144605,755.191821136,329.598296863,205.886956257,711.108928056
641.011622819,411.145734068,380.387610539,438.902195907,281.924936248,266.576049093,640.458164258
162.099992513,987.007572442,337.06304453,604.36957278,762.790414663,647.829686915,104.173329197
266.031605091,928.244782384,55.3745510969,48.4273000437,990.273197985,725.512455127,558.843787393
193.572911684,560.537404805,317.425022804,339.032511597,755.484831389,414.96490296,416.676600497
381.616114707,962.322683551,869.168961947,29.6993705483,96.9455930942,85.843863917,365.80872282
503.767469942,274.565563759,235.735082117,829.465065563,770.751196837,929.349528436,801.807117025
827.455593656,329.210778818,314.718195408,640.178319028,425.018754391,394.831745529,89.384240067
641.087102581,954.517820837,791.953942781,520.236821714,95.726674668,537.968886036,585.062143766
658.468464316,768.379153347,196.821720721,502.549783296,880.400750083,715.356322895,41.9153360212
490.239314469,725.989121034,905.705529266,639.472566735,639.758045063,890.904930112,837.007085998
626.325763348,164.527683727,704.828522682,517.282392065,822.814878545,722.532968307,274.350910027
448.315784893,548.887222211,226.506011671,891.315021389,738.961538623,93.1795134567,643.945671122
791.776965494,385.469332701,38.9208943023,679.222753441,895.54322339,638.452702007,708.181037103
93.4969940591,438.679333192,384.736680841,34.5754851681,759.287978319,479.133424996,441.623493325
803.683329821,103.445385368,642.112068145,880.505632344,278.90246348,298.229660015,478.999514726
109.170693838,280.850113084,636.363128373,365.311435755,862.844757336,237.34226197,729.759045017
414.358707565,97.0874475465,997.924513175,666.370945641,180.643209291,787.688874006,364.080598872
26.0662591102,251.308439849,779.701940175,79.4665547521,620.258742929,488.776171472,514.105033618
655.874037454,471.01461994,475.974590362,414.456610581,417.716670843,907.326290506,585.372727691
275.787428058,67.5625559082,803.017050716,913.483585313,280.61644298,106.328352594,774.959612726
747.021263627,648.493145957,931.070525669,264.395560304,116.729866991,907.662673025,852.096766819
158.96050501,58.0154955608,950.948157535,254.599223543,912.518151354,886.515062357,15.1601306483
128.732441393,33.9615005257,614.393589023,601.163975923,533.742918776,111.934993396,403.137872842
845.378184315,636.039356028,580.051037581,808.674870822,69.7233262122,143.96321895,275.318859854
14.2300605252,152.372816081,633.581157522,68.7082613543,422.313165011,694.761948213,555.283270639
741.585833764,117.04794937,386.982344095,64.2948551873,233.491425325,267.382212344,935.454132445
112.332159545,932.689364313,315.67771219,79.5819352115,7.39409776691,850.056400329,706.098610664
723.631501326,161.895308098,462.038239047,452.838791035,164.269546634,242.560103317,76.3107801044
715.263573357,66.7252243886,416.963470019,614.53400966,829.076459859,500.003648084,828.337544675
618.490730824,418.98798834,320.976401103,171.400698068,916.562428648,538.991945899,776.760785683
479.807185321,184.627035364,442.658245338,818.30684861,920.872842105,816.542621459,661.911114854
85.1474587273,452.832389498,574.15507962,324.699836113,173.374179737,21.348406744,515.79254544
406.961850543,9.45512207336,233.031184781,232.442604137,96.1205506703,249.50011429,653.100395754
872.678119504,637.463926008,14.9991170188,1.21974109112,373.086004293,565.826391275,801.61721423
334.591296649,637.590443463,971.498532446,180.26854,137.467612158,99.2903501595,108.552618613
346.411915288,963.329884655,672.599167007,17.2503392223,185.904346855,577.350657353,570.544637546
871.84133688,836.774247188,644.183815717,860.209138435,811.101326902,106.104263882,472.862037798
767.744980046,370.360667334,870.136424558,532.345313868,272.053754545,676.266964352,200.646937409
64.1168948909,742.868718754,689.954154849,336.866558925,783.998606057,690.063085196,952.17692992
931.447968031,361.569386907,344.226847677,610.939697564,802.334051899,923.366775009,611.830134959
373.553000857,113.399713654,919.670946967,505.621333059,626.350496825,509.800630589,236.734573697
466.380630424,809.669169912,209.348515488,701.33181354,484.787577904,888.304707514,639.830934388
120.001469498,481.904690857,49.9381885023,224.780259444,377.256134154,211.286693827,679.326565065
70.7175287952,171.39160019,994.431645924,310.640971322,897.023682382,189.67363003,682.80470489
547.400996453,661.122893485,619.454171414,349.297749161,208.582095773,917.988007132,832.084237881
467.5076229,304.059468565,416.831725195,120.774357832,452.33239128,956.559905895,29.7095767126
480.684914539,676.044756388,488.659961306,437.270188991,859.157161778,332.268098229,532.150108429
410.715342663,849.974189743,339.668866458,475.285887418,151.676343428,448.654884033,87.5912227779
543.139824017,900.610705937,881.518653379,579.985391514,906.929928542,130.058466969,127.420490375
241.199510158,975.076327818,755.006623219,894.562057864,934.075285553,165.011918446,885.74025985
398.502016963,455.696666754,466.139255938,709.659231773,174.476723785,1.25675998422,226.529281817
203.206193012,513.768832303,207.500991703,69.9894065945,179.447901659,733.738415056,427.645312285
890.502908973,840.779345053,182.625316841,330.255308574,610.772011109,488.908517035,522.735102972
466.217675905,595.222354754,543.604005133,725.583270378,152.439522874,498.517683444,722.477979025
234.821373994,309.145618921,547.569841765,849.172850667,979.261256552,617.572537206,39.6455062067
563.311925376,763.870719988,638.54841264,510.960531086,823.149950768,139.89107194,651.346945644
586.648229866,512.050091431,343.843463807,497.628995665,30.5620084125,736.176032741,180.443972433
847.928204237,584.412133647,40.6126757053,65.7548167835,872.031098466,580.623192657,0.165603084707
271.589433429,426.9282932,9.41210176004,46.2997304266,408.191104615,568.280357579,165.485764987
555.513907457,963.335355827,909.514797784,227.833879782,554.610787327,615.98067895,769.969213244
871.517844333,950.72916667,920.778760474,561.514782291,548.731443819,843.842835532,969.443668733
294.46925955,566.32696849,553.427532708,77.1440330737,472.991743308,249.377693151,299.669587209
139.049755911,333.393612156,396.596562282,927.423284761,696.720034339,26.1285618318,649.868135487
643.384406212,81.8878498015,104.550774584,622.675931689,569.231138005,687.708547101,584.484469361
803.631343445,700.698900925,315.439992739,614.915115902,347.017845366,12.4490621319,350.201542226
672.529253627,201.620144794,980.978475898,67.7280255991,908.567329241,939.541741725,418.4463686
28.2377300624,631.170542862,533.990817981,137.885929601,853.329598302,876.601718766,309.645511178
680.290174996,642.407389178,659.635639342,575.777951703,722.540282601,436.937968178,387.240336088
181.035515295,488.463387487,872.63127969,382.718833795,369.574758592,215.781612143,42.9962819413
441.261755241,942.982270931,127.260748699,694.442169196,700.706705163,476.654483498,898.16383468
950.704006956,271.593496099,847.703687762,829.025674657,980.960501946,949.024809789,51.6284729722
882.036563851,672.950863316,763.759436863,478.504740447,13.0891109212,232.586010788,356.072307515
995.481286825,538.185371125,785.636202365,465.201237219,258.956139251,822.167758681,719.9577427
745.95214906,797.649754009,759.319871216,885.980215894,141.113372719,190.715720198,453.100083489
769.324850065,950.926866308,387.833052402,332.33274199,588.915491726,666.655354853,70.45781822
190.761895407,256.954001152,239.750793001,655.811013798,707.491531803,560.003635471,242.048261919
303.879214784,413.524117236,440.448704028,273.382059931,829.604476136,643.49924777,889.421400042
842.935299608,457.105333807,314.728172387,91.2613794236,631.947589813,402.135148655,190.105452724
16.4730152302,976.627695168,649.633179408,321.688708016,456.209748537,296.789498118,322.901914677
383.155915365,967.860422831,164.316417732,509.387805204,484.284162662,958.39892883,873.422746157
884.907314862,652.520399638,856.053734232,827.28886128,102.774489188,521.462648059,703.669226667
737.145504748,736.371567865,88.0529771215,338.70661074,493.072780571,16.3542696308,569.328407221
699.306420247,109.991638018,17.9493962402,903.597316968,1.00382296347,186.24918442,785.898607156
410.860593059,52.6802108014,842.105971899,703.275057294,333.192974516,131.536327155,894.551051381
240.462721,843.721400675,724.093073591,269.492585795,220.707047848,470.393962569,564.239620894
392.496673023,720.853840462,389.249727868,218.406142087,545.887395774,136.364299602,645.040711576
174.133587718,862.658018994,837.538831259,735.074728097,66.2211664059,702.017992837,574.221883319
674.936602763,624.545546253,609.975402835,410.708025383,220.672015408,916.964563899,242.995608448
341.917573609,66.830006881,667.260990646,464.023382626,973.297232703,419.291492772,811.438993438
886.914783804,452.045922548,433.812813618,86.8051924891,129.358492596,560.728714923,988.04422247
660.784006131,188.944392018,800.661014145,105.324733014,729.245026231,33.3831505707,955.580632298
387.292477461,376.673251306,239.251745667,39.3172219342,532.563043806,354.638541321,194.024375877
285.227632224,98.4040924514,825.963016647,258.493273916,295.360714963,773.734502837,25.8756387117
918.682580429,626.624800153,900.265363669,156.422503163,846.364790063,348.315786997,406.753835523
558.91328172,174.087534663,599.762126415,166.067850678,735.513421551,380.72092747,800.846133248
752.306423497,667.674712824,46.4656859966,682.880239352,548.758837828,789.873104408,31.1577644986
778.960638466,441.220476713,616.174106255,893.598325345,647.573892319,629.022107612,99.8125456941
984.539674465,354.897267529,539.051224658,531.123373024,954.19242127,110.742920166,954.057269761
106.596993733,144.812686506,370.206353693,996.988860453,566.016418381,987.454193783,183.924473599
21.4506198993,476.693147254,915.935475139,975.61742814,580.832543048,934.232132869,966.042275562
801.400381028,950.771107734,657.464681139,568.697752061,278.344031245,379.646879781,793.277820202
218.286461686,538.850130974,241.247317321,794.698331097,811.215568039,927.241765063,994.662642093
904.351639694,948.866408845,870.182277605,397.625207427,982.347739906,785.504090503,253.920572083
508.69588329,682.683769107,811.549153877,63.4022259517,131.255549928,180.586552666,442.73275438
11.6297095906,189.338227534,185.896673403,647.213734712,755.784373653,679.690591302,642.66599629
329.460086324,79.9615454933,580.082378423,252.907962338,36.3061440825,709.558824311,935.444255114
226.406970866,100.110102399,243.761877115,196.674114635,725.572614448,350.132853097,875.269465807
105.595448996,112.713346905,130.207368772,816.956298761,860.387196517,456.064642962,560.414328634
379.300458687,931.900887117,936.375647072,887.221186798,321.294980199,108.31679862,890.619245841
396.972260365,740.668865295,937.495761012,203.158590314,393.307888146,94.1695099094,932.351786586
243.767885152,939.76551488,613.796130235,59.230846806,512.916347409,420.925575277,497.783868376
433.182886941,232.380697504,102.97197882,810.108986902,477.002615995,878.965754608,442.869047195
182.589513659,949.312983084,515.331121501,503.495434525,413.859899603,407.093613007,467.336368245
998.171477894,219.678836427,328.496576671,544.72219111,39.4750266359,993.307387035,360.40803417
429.212777844,291.395274355,844.033369534,751.16449241,597.530391644,979.614176077,751.607413446
448.482388912,538.8915642,788.421594086,472.696615396,521.521883577,293.146210028,533.934781829
175.954122456,886.518397094,902.798917113,689.668651707,389.392768733,96.8947723839,640.462780078
312.442223271,841.559755376,184.511282742,266.535574161,198.026418113,38.495504152,368.501322466
425.54435332,184.763194891,37.5851341847,315.265096917,286.20856752,953.279751472,296.085464875
607.408355035,118.540027865,547.889079593,955.01047471,87.4149838593,16.4880898527,669.401082893
606.282968251,117.720121303,877.485647937,197.502267305,486.591359001,984.707746466,645.113698302
745.390288578,159.581730322,868.799059903,466.173422057,448.526213735,912.492752495,815.048291825
864.279412767,377.45937189,335.562979325,287.204691786,503.828680365,354.966021455,621.578744543
494.721611676,848.582046992,414.56617185,684.267279174,480.559500488,665.342350034,685.486351485
71.9477609302,369.566316818,907.847974641,532.901566033,531.88696271,82.8696493897,866.049861718
445.972356707,488.513477325,571.505290049,537.191422302,107.338729878,527.190676614,518.301543649
659.343080855,925.025515931,451.467482061,561.825213977,568.950607702,763.334598945,233.204099314
593.218044842,171.213113736,25.0093749604,191.210286289,929.309464798,218.419037418,717.041053221
470.78821795,813.655188634,676.418731254,101.542072116,925.802063224,31.9405781889,407.97817545
209.556743446,48.3093317833,838.402590445,532.231459062,207.923811547,858.882912864,62.3265203552
102.19108512,547.185733777,629.488818611,227.847000327,562.271700259,818.066501987,669.44622462
435.508935328,295.707207664,962.970343934,534.571377818,110.182204615,767.826858226,70.8798498694
376.89413587,837.57552963,333.315289201,500.821778811,320.293562807,141.223899829,621.356298301
850.364663473,563.533004356,678.539130403,897.026713989,869.272626575,645.615475056,221.038497695
334.088840636,555.978006685,721.930113545,834.962659795,145.836809979,209.505256588,70.3370963918
744.761351781,864.800393416,746.733903677,556.512736337,164.291749431,634.079507403,39.2574028908
68.936857699,287.896306167,819.289591641,914.364723916,33.0803275349,24.7028265074,485.597827467
954.529444748,252.00721351,380.732217312,393.544191987,205.176125514,952.41854013,243.583590986
518.099637922,923.8296126,11.4734585959,738.367314381,892.583491428,445.490538072,529.048906432
726.195482942,624.787659821,827.726055933,576.338370437,730.596288111,278.748252203,736.510927281
996.826611616,19.7294980145,218.555556691,725.720849397,171.405258178,584.432133672,1.92339945261
183.784691632,13.415300396,219.711862686,77.9543515921,696.930273251,991.873187978,533.466235828
263.573090101,304.159763078,787.279638599,99.0249251008,341.843585578,165.518660489,578.757285504
288.323066944,587.736252232,618.688349444,306.3356176,161.327242142,746.020510444,555.901032488
231.308723461,302.070765751,97.6086702242,545.399188773,371.423880922,11.4920921689,843.557728999
244.099424161,376.676708379,625.171275757,208.635553559,627.651987456,624.915376458,588.700371567
844.101489939,794.604254964,549.387911425,104.067690754,399.455912529,393.289177751,567.076310969
916.2969374,742.023187704,236.272625255,667.465249926,93.7671812311,713.010733914,795.838286275
42.9268572669,160.929032227,490.993469595,359.135310094,213.158051594,251.439697685,872.381541228
64.5299078711,404.02560133,615.224411578,562.310163165,23.8897208411,123.396879108,224.513474578
898.235084762,995.598969326,408.029535643,263.212017829,192.593966494,833.360125208,185.141657653
571.81025146,179.177296161,802.192579501,108.951788676,511.525013285,206.414843523,894.758404999
236.835227952,373.71254178,484.273137646,311.311414137,545.949257313,429.904054284,473.037557162
562.420842277,987.923006615,812.474484466,901.484564333,333.088551023,210.905028887,337.788344919
68.5605263543,551.906011465,375.400005261,375.941617068,512.018330136,875.427223986,712.522182181
953.430426626,408.344980434,953.707410323,531.635210853,936.882719022,542.428191602,617.817247238
989.553265213,292.651136205,173.348725051,239.176550251,169.058818254,762.934351878,80.5982387922
446.891823924,836.462444518,767.190845989,200.184444346,736.020114719,342.144991515,192.759097405
444.761851909,259.773396837,168.198677232,949.388248533,697.365879155,64.6416579078,800.907808278
197.036909804,353.364420736,65.9828298999,722.818802553,652.594154364,909.689287286,818.297409563
183.578581414,783.397901025,229.210112346,581.777911705,703.35500168,451.329864724,947.936027634
946.371947586,859.95583266,485.761011549,811.14548117,138.212469446,944.34256505,224.96335623
660.402687683,291.427666462,897.616442582,551.631140573,578.095701843,813.87396236,946.178476736
131.392211276,822.111763163,484.18388508,236.644417693,459.227366163,263.66293548,917.911901506
971.828020782,558.120311602,299.479695218,274.924767968,326.502587438,10.6191236088,411.968979519
254.746678142,16.5689328231,807.627831617,395.142382276,777.397356727,352.72767719,692.161686604
511.089374261,443.214927776,551.214096873,685.796591615,420.916497213,634.726005165,528.762334392
284.807507043,979.173006112,791.147961375,891.973987752,971.654085814,277.249478846,225.552904568
828.1254207,230.462474293,353.847168437,143.650553165,505.645618186,516.155755895,515.34513137
887.973907912,853.370070701,974.580072878,304.21299843,122.003409998,894.838845857,999.833859664
236.515259771,868.02349723,873.473566977,864.50465734,646.489417863,843.413504856,984.418237882
100.166488971,793.889195684,841.841705401,860.141325538,952.379528612,111.3425938,375.728499179
821.405121283,55.3185998152,107.472836693,582.003545735,119.009101044,641.138505809,703.763097869
620.928405114,903.717274823,345.97942505,506.205705188,618.176718971,64.8636353776,507.243937754
943.244537731,227.442258576,311.705187316,374.944513651,29.4144625598,806.493143907,828.988283613
450.661086208,45.2520312088,528.843841501,913.517999254,335.749119005,421.175053314,67.7394582053
180.467588483,247.3337142,411.342149856,687.13241909,599.194138893,930.695233833,173.391172355
121.339262652,606.935747411,221.652896694,208.290753679,389.430504055,813.767444909,220.164355076
177.472444498,474.134022221,265.700234822,901.037889446,992.94846489,745.648120453,3.10021203353
327.590846145,749.710356709,352.29516487,839.996371997,439.407318829,728.829743208,955.950523859
231.714221199,322.163289616,276.722969214,566.636882335,916.825324326,754.106789231,648.212872108
88.2213591547,950.990767536,683.371627338,288.492665717,661.051976802,376.630964018,733.225311237
271.237707424,260.080842238,973.716109855,432.961330748,182.53623088,165.487113475,79.4494518464
204.150900654,224.0670252,665.146802843,356.503325785,572.602443353,733.961104589,317.265934746
805.691602354,697.835850243,247.948098597,501.152668235,102.275614283,395.653863636,683.591097351
160.701888031,947.947536416,303.594538201,313.287032919,452.772238123,188.740576273,865.191518613
345.740809296,852.150786734,140.495916353,107.209385433,388.68575615,563.853831095,344.606679816
726.189679666,24.0480759569,47.2583104365,940.553816829,696.073780862,175.436938147,266.111791365
111.297861551,205.056734043,154.312637393,502.71030757,991.257566992,876.076929934,474.221409276
47.562142653,56.2015789834,194.301424832,415.3371626,727.967744958,174.889899802,731.043799083
790.506831038,992.20591621,282.561796529,861.417485018,742.443711057,936.772910268,898.827598534
601.797813885,522.266894118,749.688195946,85.5627751142,8.06085101752,906.723111487,139.063647736
329.524875673,53.1475544601,640.598885026,493.077292278,818.510797989,510.930019092,28.3074040612
974.504248519,914.732896006,444.242667393,530.697967441,393.449952855,532.352033368,549.160272352
991.676944493,318.989226419,201.808846314,846.924628699,228.821213064,609.100511991,381.230204196
268.785360996,517.463661186,209.71489938,935.72361455,65.1290939938,64.456427508,868.730976265
133.490187199,130.26134747,991.711778758,302.368225076,654.224308509,360.237353844,198.465475996
233.376062304,678.197655991,763.178969189,85.5015321493,632.162695748,637.493366195,417.074508238
888.098007676,189.615116076,66.1403713702,137.709028487,175.566452571,210.996783944,31.1894912258
642.71518544,221.490009879,977.685600804,958.365867085,620.147934037,981.771029008,318.98115313
557.362997619,728.275164222,446.03532357,649.937098961,361.338140547,924.391987601,105.475714048
735.774670929,362.486087172,268.103199996,969.381238332,859.936876436,304.796397462,178.099897352
843.187656994,702.183124881,530.373042158,419.520550744,400.420942306,991.228812333,910.435138629
72.2393066185,120.405603029,235.417157285,321.050606345,387.222360988,748.108824941,140.183064361
284.20527015,670.962059025,162.968027264,339.683632307,479.585124009,767.895635193,863.987421459
248.194843017,286.696155234,279.061748528,625.843035337,703.163735806,684.93241971,755.602981211
985.020349239,441.213703713,468.498507747,81.0009295934,773.21184209,965.742752643,141.766839836
81.9700331154,997.118441167,99.7491468811,386.688476856,288.983549992,82.8152977379,425.265444147
648.377694285,782.607392622,482.983251083,964.619402811,879.430271164,419.519351157,102.308428912
568.829889952,235.105314114,442.934393915,369.815773292,889.864860831,952.9326151,40.4292329135
242.088675079,296.309797553,352.390402536,882.868816622,837.032888614,696.548537859,588.893533495
328.771654281,599.38059067,670.388450932,496.691861554,865.733581985,225.385052041,911.029485641
909.039849662,373.997816643,400.471673195,444.813556101,278.938047616,894.254581024,107.486280558
128.471169588,669.73954372,249.496528422,582.470458744,492.42327483,88.484600169,506.528831993
804.767000806,581.028024208,13.3678466931,502.097782033,509.09252715,31.847957734,278.954790473
740.477148817,680.391517347,361.572499637,177.715652647,172.124229149,981.608252,157.182077419
765.957167355,598.045331891,489.454252509,845.977995872,346.327239796,741.790374882,579.522356081
850.398380384,22.5669467681,543.59708133,669.02569005,843.508590544,460.969679009,364.99427218
261.10923357,781.324884866,483.221127115,551.990875152,467.036199438,570.625324521,495.538882606
689.091330465,210.900753854,949.169384023,667.466366669,394.100648269,390.742924178,695.699079583
754.407074933,222.708779254,252.5785539,731.33851963,155.676894543,979.895445463,243.342291227
556.457933255,263.28214436,644.794383016,957.298719021,192.357762519,682.561587847,267.720247936
595.57096522,985.482988445,132.406358857,330.526482278,515.583174407,137.484009285,404.485620924
658.084151776,497.036617377,140.295661775,184.186290345,148.083583933,21.6404334142,751.981814565
437.61404745,371.563131723,890.247146395,210.381104835,190.892630546,369.92169605,258.914690769
402.057237144,602.404694541,414.251026894,885.211109127,804.695355752,4.36890361042,765.714215153
569.044112638,298.453266949,652.698042893,646.970725431,649.413576971,187.028336905,593.62115041
508.49013779,965.382003782,296.943605645,161.719504307,887.209585067,155.060155625,837.707328443
782.253342606,178.557724463,865.350000269,229.337509626,129.410199787,724.716885487,494.958900403
589.865116126,760.758216316,250.914949395,34.8773058615,154.703711609,767.443470428,58.0316858423
179.506639904,587.369902232,553.53275399,924.367001575,376.271868457,812.060061281,286.071191903
512.712481834,186.408740196,843.097203364,541.908833891,398.568105924,337.580303943,98.2759353357
271.355264199,469.078584258,846.619586385,872.258375935,829.399810422,308.701420393,525.504128033
600.465466527,956.357265184,290.672466074,761.271008143,533.229364004,97.0326910947,438.269023448
966.011289752,207.176991322,277.277314999,397.137890479,296.937248717,883.976614645,915.150829495
989.167882884,269.849228678,847.944633324,157.823205117,149.32269534,126.963708476,754.37971328
870.753827601,189.07004647,228.616426863,597.573010722,826.636400662,216.208542884,423.550466967
858.619054696,76.2271452151,748.527149752,824.554897822,176.706203517,862.334823265,241.703749222
643.723482213,431.649861277,46.2962160184,600.18499664,789.285996836,935.940130534,45.6699002339
474.032804816,54.5149257331,865.330768688,972.880754184,888.768080539,479.139389065,871.989755662
407.186152339,502.181605292,978.016512727,541.112232587,725.913876216,212.1072746,643.75506261
32.2941162201,397.784394569,988.290747878,606.64769823,778.639142158,634.174389283,24.105618506
440.954475697,463.016500605,386.894900314,981.675733326,687.412284491,906.014406449,479.962759203
164.550551102,616.897047607,107.072612069,524.387298217,364.057343407,398.910891482,729.25556692
589.358458034,583.830253765,210.812321194,733.880062418,567.159407476,954.132724581,494.790513463
296.016387787,572.373247427,409.59952905,122.682046182,995.274624822,126.670241888,944.627187549
623.431629001,187.507602037,916.27852994,330.150735547,842.860602929,840.821838761,758.766305705
214.430231529,921.526193606,616.83873035,319.436719517,71.3803685353,648.954761669,257.428624234
555.677807615,375.31313881,456.627576241,62.0087699845,273.40454303,115.670970558,215.481422405
967.830850605,702.432588521,420.18634003,467.351478247,915.604237828,135.338635174,562.39660981
96.1626712958,764.777419607,508.286202419,691.222422858,582.155159644,40.6672168341,473.498216492
927.261722817,589.294785949,888.509704393,616.683834151,226.128829167,600.270099605,507.621543986
686.17415071,569.457952913,405.963612721,934.596730778,98.8787871738,412.441217758,923.527004533
969.634795643,345.53823984,981.168939001,943.375513671,634.478824856,243.661911926,405.35373864
774.862610585,395.531083931,332.549686816,251.373198354,310.268992755,797.807558427,318.420848552
413.192865196,701.388088829,834.201565997,692.713333898,262.939694658,489.383169456,710.808050678
517.684802109,674.538479417,370.563129388,922.958706136,35.2479091858,601.913832761,233.389382284
993.86067718,269.409532763,728.9532819,485.471805138,888.749487179,739.430954085,180.807161759
166.899322704,835.265580876,695.107814415,305.531380967,274.827810969,771.602520304,805.061346453
539.416890744,558.227551366,467.695043944,479.801808566,714.280225615,145.828987852,8.80591096854
700.344776472,673.956985286,993.778498438,231.604807352,812.015998343,612.482702799,337.848103777
704.236182737,235.537140321,288.82948729,195.825214663,364.141878281,885.459170248,383.446872681
492.351321058,158.09715402,588.45272665,460.652986945,164.712609189,381.416622913,586.699020377
598.052671666,363.15458951,499.977531694,489.502167078,604.92674438,208.963003331,218.33581411
342.265344379,813.040547799,97.8106165949,547.270009644,7.95320110317,30.036474627,950.020040581
609.802609042,845.637201663,874.581869564,422.940884658,352.601811966,716.917391845,992.430086505
267.826804981,499.982943713,16.1961771548,150.834862776,606.957218152,740.891054438,508.687322135
47.1824135496,48.3795085287,626.829625297,599.76318931,861.702497314,628.762561271,719.435997167
562.768280765,262.149477035,723.327944404,353.077809777,860.556762978,867.596977869,95.7485096238
660.057383159,812.799243876,59.3111737564,934.627002205,646.82657381,792.818306312,131.929620329
19.6405089349,640.768849182,247.372967286,500.613416027,440.123513853,978.21141506,928.654142798
313.922733918,568.103088304,961.340364672,531.905068401,497.243222655,502.079997076,22.7616712038
207.853393561,462.923369299,173.856147839,744.6060619,948.462517717,552.95430866,197.668525448
684.875791938,294.169029899,369.689224637,139.011600459,499.698780126,425.640174643,675.226495421
524.498518583,747.839436907,738.242752933,341.477827377,285.234048726,692.16480747,981.641426064
286.960287318,436.604908733,180.285390555,523.151688355,356.76473359,218.855962431,632.651136845
181.784424175,777.594560956,387.734882585,879.37158612,887.436940764,523.99439268,387.868254411
787.614338161,650.163692486,856.237872125,279.102529315,626.286956233,579.045725301,965.435262619
825.059191355,299.227533162,840.876757666,387.561147735,651.718369621,501.293478783,243.281890379
165.507772115,485.087004708,792.106361525,124.421753162,721.040440783,67.0626619085,418.201212141
873.440593737,130.56208392,321.195921784,964.235695398,780.643459419,490.860332386,371.29830763
18.3216242235,14.3857457023,183.652445529,842.06021029,722.223533822,817.431799241,474.537447242
16.2613780839,583.821724923,481.013724997,210.536898535,569.781444958,508.55409838,342.754272097
557.626727913,619.693967825,67.3347903709,165.629350266,54.942615553,139.926099234,343.979746181
617.262559277,19.2895847659,653.930668795,25.5903332328,533.560796809,138.220296838,861.395489702
749.13994624,461.36535391,149.956690215,403.036061095,570.180086209,342.051974191,115.938145753
544.609383459,23.020205197,147.978904514,572.683887642,838.712746056,767.989231664,5.01247876173
193.85536752,400.288055221,797.796196114,63.1141564382,764.134723409,741.342136908,251.813634569
455.618390857,839.923368498,173.295806509,966.761754907,927.34676922,320.269856615,247.620831095
173.91597547,812.157985173,389.147731905,50.1108102368,387.038899571,421.096640814,227.248465161
436.085440278,889.899329505,456.878607179,310.569701021,665.555038309,338.168661635,531.941182418
231.999066002,233.907191325,170.334400139,200.140632749,9.49105980786,487.065981974,65.2391160816
940.300486703,633.121521332,808.779991034,94.6569873203,715.971422309,158.469868639,873.905820115
245.664343611,158.154148352,588.894697836,937.724227488,759.957585019,403.836131018,196.293499807
709.800493391,862.598543057,890.812515828,216.033796699,258.16643907,929.797085655,963.087833574
819.903965617,143.50918088,410.991501263,881.998798241,614.602454179,269.457150055,165.068421901
820.43601893,807.433621101,176.618046121,901.078195788,349.597738445,441.776773364,29.2629150457
913.269767043,744.697333542,123.3459179,985.489660457,974.306437546,526.382019117,758.222420042
770.927746937,814.347269958,544.859761559,585.254596399,765.977669053,456.526368457,564.351664017
164.056133106,473.293397137,236.491870612,269.37613057,772.278651808,254.147857796,578.035743864
946.862269458,166.049224896,141.844077564,22.124682747,671.508258021,554.052721585,780.772392636
360.32012534,361.659187107,313.556479835,729.5278118,163.131270294,683.586901398,863.322077836
851.054135508,459.301651694,609.925659608,181.018913136,608.913045823,214.049591516,972.081407681
866.604853121,682.72130554,863.133750666,675.373837946,698.933495374,335.918521225,709.352129995
943.99046909,99.8517119614,586.769208323,461.052867827,981.637037595,869.137670678,289.210998395
715.367325257,684.241986059,351.42640325,535.497041365,815.703000957,974.547306102,85.9204296709
752.423945962,401.484535155,374.288140821,107.562754251,444.973572752,772.769761461,140.149849839
960.699431044,797.409641536,920.204279318,48.2406030384,620.935371055,306.351347355,500.838465638
629.650374002,950.694818238,883.510704317,973.893684463,625.150082598,357.577447088,645.244414167
274.952113139,110.40304098,875.554611353,718.468623557,267.793513397,81.9143639629,538.528644358
774.205218911,671.563036749,270.762527172,111.241393193,755.25789334,737.430186161,466.303012579
739.804166965,391.66418257,585.153578164,597.059013667,164.09662377,603.938186796,985.889316466
232.9394777,465.227516066,754.39616933,339.818297256,435.629400624,785.377557615,285.84924266
55.1276102327,89.8117342717,497.397411681,735.162828016,279.136893782,552.783386341,248.251557414
828.799560275,754.454425411,639.628407763,515.869356361,449.475790556,774.209660792,820.967302695
571.178605056,394.462349837,728.444403903,162.958953734,617.445129408,449.253475264,846.835792696
671.238034623,970.536701543,415.128419448,782.140762683,263.854167005,972.87509811,221.056480103
575.909640416,615.839035195,487.544862323,38.9284604403,538.402132927,104.577833202,890.099752679
177.829232693,997.791957629,768.323844742,726.652627147,664.623070966,866.025752412,820.650632393
317.419041196,732.506318177,573.822699426,115.835137845,194.890542031,813.053688245,932.547922011
722.660437692,125.558992548,668.684051506,266.644909961,658.288592416,504.6363121,841.164701339
420.980312378,671.793106626,390.396856382,624.537275916,211.754356123,784.393502598,749.982962768
625.790748779,592.917896178,433.644455071,625.863183935,856.575762524,72.1318001219,683.381529445
91.4350423632,430.142183566,7.61932211644,199.422882828,599.233914558,727.549781143,594.997461967
257.771326585,226.374996777,564.839330044,462.420768222,478.366531578,875.513001041,497.053544399
869.008208182,697.56570219,966.208000379,277.819880936,676.120094215,985.905297609,769.357570389
667.393397352,21.5210880609,954.961833031,552.443701818,539.275908232,965.938488432,564.735749447
745.954415308,726.910388942,646.605249037,476.554483415,702.905557761,306.280020239,391.816569986
995.251867833,165.178124877,799.557665615,416.156835823,806.871698198,63.8566713631,768.149043071
496.676017053,372.194404211,998.415299043,605.011843992,215.46651827,938.263314099,744.480675485
234.380321794,905.063512191,589.099361079,303.229541011,178.357011209,282.743331215,282.262937394
733.299875452,363.184508695,0.125991618461,806.697834476,578.177973976,489.536966096,811.382997429
937.522841099,443.445387502,331.856432803,257.014979231,179.257676987,886.040741447,938.798778002
818.320871486,349.398463962,38.229641264,680.186676953,734.733632233,484.583019399,336.534197203
923.563742582,445.011031854,453.668771445,730.87605959,853.412356106,510.307441298,821.086495903
860.991956909,612.351414328,931.869710907,723.106332864,295.933939979,854.767878694,847.750822895
686.263243686,360.336911486,159.895540993,497.876209502,434.315579428,783.648134086,676.126418774
567.374733034,950.159896328,743.960857854,204.247887752,432.318635094,482.245305129,336.231636155
571.941959908,511.67479972,888.797949309,135.83597693,990.83096821,640.427090897,829.933374727
344.091409282,990.286042868,351.463868098,668.438237426,169.448106948,480.392034649,298.381448827
265.486869022,705.520523652,568.99981686,769.869438086,541.718721353,890.752464933,346.460900197
504.682370415,472.854672245,92.0691189139,201.960697199,988.986626216,215.718023305,309.573763239
675.984242347,704.379079937,644.983975028,985.792138014,348.05117717,515.257421308,312.851887961
214.166991265,961.9157092,757.658220642,163.284642158,419.798780899,196.951446082,676.247997162
192.415672293,645.75821569,335.915509383,859.697922155,375.74366607,913.708454805,359.133748727
150.250245469,306.988731494,898.216773186,436.238612887,827.092692831,798.822182396,907.34420727
197.871509873,567.847893774,450.906343916,156.905781311,730.059615005,276.979393256,52.5583942063
83.0949321992,390.065188499,411.193046018,986.333401304,507.317723839,516.772219946,812.744091484
578.783670183,688.009645803,282.991468503,457.476524715,320.234707122,260.484631329,982.723041633
525.262896841,290.026533885,108.085591764,730.988122769,71.7715238469,314.319751176,135.886061179
123.133492911,280.366321759,297.565787386,481.694446347,826.107483477,470.033813808,81.1913615906
155.313679374,100.188546764,988.022811004,218.019073707,888.243589985,618.281830763,784.230566167
202.197750255,707.114783839,286.860919837,623.043497104,601.471001329,98.0712591501,927.342047653
108.972412399,899.639237152,213.660731442,352.607315698,45.6903563492,322.144164792,465.880236904
864.943952274,864.355300378,84.5585111974,601.882435932,588.508359765,528.930686239,60.955795923
409.834854153,639.365254058,678.651389358,482.15867073,903.947105764,881.887978446,73.320608402
828.470693389,858.013251344,180.177524919,752.253994092,580.72200889,240.62903204,888.517930259
508.5218336,626.01140717,229.605345072,882.447257985,943.770157985,88.7747663372,555.727947625
845.363639137,267.544005358,122.305916162,643.874256175,629.246792924,86.7925497551,368.043602344
793.972004824,102.715324391,771.522444817,421.736960237,533.312821301,748.702898256,808.755657299
818.715414302,651.340059254,562.750956203,947.627540828,341.356041055,66.3069123277,742.707703526
289.83173493,933.000042979,496.142563157,133.015431873,391.257013208,493.95386296,689.0734547
119.69480725,406.072058908,951.87281544,321.91520508,150.067180365,888.065582028,62.622441822
517.369165515,658.55289188,51.6952572367,832.272002847,871.472370903,745.670904755,130.567959964
852.408218433,810.645058991,180.407448496,78.2549682467,973.964641838,178.633044199,728.138855626
101.045093488,289.770304247,731.863163583,750.102627929,263.62924361,621.201434372,904.406317107
609.825852232,939.019095058,162.464560239,267.975136097,540.603985943,570.41336128,445.670931769
18.2550600233,146.608924631,44.0934939278,766.643159809,188.624865747,489.860798716,747.643084266
916.497136796,421.441854328,991.308470022,238.462375333,796.099430457,978.607819247,551.004691626
21.7918029968,239.93579638,804.454270087,224.080695499,635.02397477,845.365831787,148.644726653
874.137475496,874.343315383,651.050664546,926.083257594,502.149902762,600.99086593,720.353742988
681.883647808,297.416220884,362.173044491,137.046448843,741.744691502,355.841158364,478.985694487
594.847178214,712.484199375,269.437480523,538.83276804,861.432078892,792.021013753,16.3999735085
318.653992638,92.444267967,619.255414345,755.711685184,106.511633163,639.796818982,733.971661696
180.956643456,936.442832263,392.143714505,260.817187753,70.1917254169,909.383601822,705.617725495
15.7857068871,200.21379434,381.469491751,383.677950219,189.602171268,784.806982388,695.110107309
673.414835202,962.182590149,402.834928632,36.5485187735,992.835776281,576.18434415,915.891107975
239.058462111,490.400946248,729.119556375,921.1817972,548.409614427,225.252373273,188.073970336
795.726430449,967.973875302,160.419871259,883.792949924,529.983978537,263.625714394,553.999091153
455.628118226,512.632991009,766.37894841,513.772053614,933.586447435,873.174089842,20.502689214
567.48308379,680.815411103,180.786901901,871.606999799,32.155082737,644.94006036,368.339966764
959.010085579,179.39544117,513.880607516,191.799583933,947.585308035,427.096128296,209.403693011
442.546049944,620.541414163,791.411328266,168.773796347,158.667207823,324.312380414,90.6296782173
991.024168595,124.877159705,982.934913671,906.36262146,758.7099868,553.028437507,732.198100669
199.273693668,762.900256152,457.199691299,775.867044005,361.598476089,605.176379914,211.406940281
372.493264544,665.034878283,317.482605265,783.087763725,660.954404082,785.488606752,887.556683895
31.9297000698,308.495496858,117.66920331,53.525453837,534.538192668,802.587629584,770.568959203
139.6894419,616.566586574,986.733722168,453.467929204,698.474068192,351.628848391,336.301547492
679.415359898,533.856101442,148.682417908,363.390025452,207.476987164,658.207007337,357.976130819
580.373321358,175.473786142,318.430921468,857.300694228,228.668253437,911.332765672,443.924796461
287.23132947,826.517665724,20.8859813305,743.954062518,811.860968151,73.2742583888,755.287312841
299.432202651,71.868083646,257.001022834,860.183586122,250.395097118,905.252408934,465.273897377
781.257830695,797.222454102,761.171303099,124.433808829,753.932357272,363.786726473,124.776240308
16.8933450705,692.194119612,674.460897481,616.935104074,660.239181208,955.927121813,847.947776485
566.319639155,317.657807239,184.367120292,653.274109944,216.624812036,273.399112679,289.499377106
728.332806489,115.510847788,550.707863766,861.05893685,255.218136846,111.166753568,219.857431588
710.426708572,893.81527356,948.16842708,215.862787491,93.7187677695,769.402524808,466.330206478
139.003019046,242.719157137,235.635619594,624.66688036,417.798319723,415.802504685,732.460914071
457.277486801,235.51426746,163.639672253,792.059376862,860.311375225,438.118520685,197.618295766
21.3951188384,984.518981973,279.233309385,692.004993612,529.402270415,944.8975348,994.697769608
428.254813648,956.661116941,105.168741654,735.339166735,505.095715851,751.7707895,253.609493619
439.979110195,936.283945046,968.05551013,622.155252899,242.084372773,344.210648028,542.9217768
961.422698497,93.9632952628,450.493158289,440.501978906,543.83953831,373.373921487,293.108031682
289.367708611,813.571339171,975.988653539,358.48311576,959.002067407,40.445458302,448.091076916
683.342256616,950.992754455,344.376893051,174.768596488,868.567767599,29.4696232606,301.251368617
558.369801452,402.40870395,626.020198882,412.282250585,960.662378899,508.313050992,736.252242208
421.625162864,864.583841773,676.715794448,235.754541015,203.699669847,334.560126065,257.253325681
808.085283728,573.330192586,345.540224347,593.587835076,287.76293534,809.474607732,944.61535565
938.503183521,529.89417628,42.5614228075,502.250297397,918.408429074,132.816119115,370.219019449
335.576030204,185.677798498,431.317332624,55.1509582686,555.526357782,816.394656143,858.344693315
879.456917775,329.727236274,773.364276574,443.911351563,610.539996858,781.993712501,6.29990313928
58.1982601708,131.807554991,345.795631559,159.721358553,337.881504654,941.305518322,72.0708254616
329.146822713,182.9928643,706.945245391,975.590379406,216.13802514,925.159625418,208.952685831
92.4164478031,122.545151886,648.726359217,798.976170997,485.187730081,904.149789951,804.58857123
161.645020384,210.213186083,626.066129246,104.308652603,558.724766148,211.68683787,643.212040398
123.560974801,456.755154355,972.067598542,635.783710783,106.316092801,795.855565333,966.759989947
999.438976355,333.290766952,2.37317404276,84.8672902072,47.0343849637,673.269295108,842.029521031
444.63798265,18.1459036515,286.226455847,51.4748461567,9.82668525054,226.885820093,651.915751345
723.671932066,336.581868852,724.39888578,131.3036244,559.277613173,607.009039952,151.295172667
635.191182978,492.878799071,328.31765014,923.786465817,154.683299291,444.420938704,816.785470697
963.322359572,852.284724981,421.056648949,629.777698449,584.867183928,965.948847766,921.919484438
242.046122402,892.295655952,2.75387107247,59.1280451375,427.703065349,901.167705857,691.891063445
245.340327422,746.625287321,525.405059009,901.449824981,964.020477316,134.879470884,977.452750193
260.182732673,463.703853772,328.354409372,371.439215309,428.538842793,161.539256644,10.9773281183
0.82832407208,170.584708159,914.364609162,812.668868216,678.140345857,216.620450771,498.526195632
604.206998575,100.779348002,404.231989748,434.48847667,534.488015292,32.2656569351,866.032834779
316.384397133,56.0093492225,480.199950808,886.37917671,282.135709518,936.208368152,869.757068253
519.399730752,382.30811944,754.28455414,129.691964039,531.378254589,583.349896083,801.910381814
172.446425342,583.832979675,835.789453775,91.4435904515,439.567814096,364.519989852,177.98225501
173.528285819,502.17784113,872.848016034,615.863904889,972.403185187,274.724271599,882.107676463
961.034397168,154.179758539,182.789473201,925.105852705,803.044798381,846.586905555,934.290476553
504.732042806,102.12047346,322.424638142,177.689950275,617.721990409,428.457317275,756.419352216
626.851207598,120.196396812,25.6899544384,366.619112558,308.286727022,121.498882389,991.276627464
186.761739251,885.362113756,882.336501087,179.056669153,408.388076607,483.199508116,729.603413751
101.753555077,82.5240124577,875.482452269,563.701954062,375.468440507,439.864843781,955.427782401
755.3439605,258.982260379,659.438540983,62.0596071551,908.374182474,133.499460396,380.363966036
117.602500985,279.76102433,527.55790593,383.916901953,782.377415658,308.305575817,776.111505249
509.840181269,168.537773356,348.489712329,132.307774529,918.33612742,395.624989293,685.791973607
527.435699995,757.900889192,785.489231747,439.493919893,307.121544314,338.033160488,240.737188547
978.010817833,754.028585,75.0670859297,688.750038752,321.374712972,859.110493424,371.163507352
374.854409192,855.725186373,239.680868328,562.746828031,595.829018393,918.953309389,675.97422756
595.715409142,60.0797481064,451.49755485,623.032248253,893.049269123,116.72302643,689.258067325
431.140075779,680.039600833,638.160153312,989.553403115,631.476408331,425.873975714,388.589601699
353.115261048,121.448776649,683.606310066,331.312376085,418.547234274,320.683795234,859.560646722
649.531013325,804.672028381,340.988131472,875.293290447,371.757998129,372.913189195,294.126649549
985.531094293,794.722389021,327.784682495,882.950861651,427.090729002,584.072314535,577.328888303
849.441421833,64.689100655,324.958495504,36.9269043546,576.211229435,432.976844537,39.5422215959
478.593368631,920.162991271,504.559254657,364.506990104,335.443950012,408.559587932,256.993656022
119.486191937,158.495928525,792.069523271,843.895339103,906.078088401,695.45159618,414.771141977
4.78358740003,597.7666526,680.06346305,606.86939776,119.590759265,890.538629509,474.95508864
25.547462068,785.732932883,464.256447339,205.766691635,920.491314351,427.943060167,983.858759467
261.194466901,799.632542933,686.520312035,503.718942192,991.207808862,436.083442622,536.130830891
99.6110773872,528.58082612,835.325311726,202.927030513,261.61675703,988.765333947,649.595840478
382.601286431,236.233264957,51.1482961609,793.361106269,578.887972032,964.850024778,47.3189387571
769.06393268,809.722224766,526.947824881,348.807017579,15.9064086805,830.649740036,31.8376290437
840.960045981,237.507858989,428.362840671,348.301803048,949.538034342,450.838189441,346.915740234
530.372817585,968.853390945,290.004871085,227.263578595,730.929879581,470.768805272,470.394482808
851.290931954,635.896851282,574.982330385,26.456094063,519.466556987,549.255999898,19.7349944333
77.8786646226,35.4782521692,897.590566691,183.465391253,575.071419677,628.850947419,796.059311977
167.728579167,593.75345867,115.551015666,204.814078019,306.852171378,45.4501560246,851.383304879
930.486023689,174.042396672,951.13263248,798.671954813,182.950453297,39.6256487586,274.699898048
909.986483255,690.766338287,831.65207314,599.315775105,777.413559938,834.999173747,974.649750123
533.335536382,397.305664206,635.546660789,961.171466238,701.949473012,302.115999325,47.941616651
738.896733037,601.723592222,400.450573211,931.323365352,388.555362885,768.544658442,196.064039437
619.161968256,732.404127764,740.403002898,124.821530392,868.552445239,801.360983633,242.43009146
90.5081981282,195.16256034,309.954124917,12.6587897126,228.712498575,239.239005024,200.962101339
708.180463086,27.1950235698,138.298828043,267.634182974,821.465881471,153.972588028,809.295262131
890.048884471,499.865184705,920.771179907,320.95462611,838.40741156,467.97761447,912.229837384
390.701874811,259.986614766,89.349472932,132.393310855,877.105244116,224.868596204,645.553344681
958.313112741,42.9221761207,936.111057763,56.3990594217,890.089816943,993.695729801,861.385103906
302.254736548,50.3472622967,625.524925655,47.1165527387,131.772645286,934.75731512,160.796320128
405.649640381,574.281493105,801.805562912,168.993936097,263.6018203,487.859281641,468.909364503
448.175947851,244.368970174,274.527715597,43.9716687544,358.777744506,141.619113746,368.63452891
181.46927671,497.794487117,280.995212455,208.754737437,552.398456115,845.902691491,854.022744605
800.502858758,206.724343506,153.318607258,123.82341549,932.725631674,719.909747916,890.987080014
404.971731093,166.746666663,324.496338582,703.496465779,682.46685939,218.901551729,20.4870555892
640.758395037,428.426127539,236.32261807,725.302468471,421.497775548,361.666999035,597.699754323
860.667309,825.239770333,799.672810847,448.99276768,169.137260813,989.956032778,246.512984816
349.938254109,893.825518796,384.445494848,747.012912652,918.552893108,451.758758706,609.012591786
505.98788193,254.450160744,337.593286399,910.504502951,577.432341213,916.982256416,841.472832093
855.609875013,344.672079886,979.317139039,797.351177041,348.396677592,613.188649019,718.347007514
60.1673853569,445.805309652,488.485680408,738.356738808,887.58989833,70.8131101977,654.416290496
793.418980092,721.086598546,549.011946533,492.116270657,718.406966346,131.369173857,319.433796068
383.619355529,441.241758021,43.5812516348,36.3786542285,839.731175334,212.947533132,317.762599669
263.515168016,166.0903093,217.783142645,329.068687666,63.3405986493,499.593671258,974.045896241
291.28978361,843.101186632,672.003727534,232.720898254,943.848256895,152.022214102,686.732316349
667.238345869,213.317594911,814.385437141,467.833601088,852.512445736,104.063974694,322.408414786
645.717795027,182.738952765,374.769081501,878.996946426,506.347453105,190.488808769,638.720388878
128.781358604,146.93659889,462.883045051,878.750880743,631.625853029,880.738958302,825.907457392
638.075942591,261.371008926,98.7414698977,372.978380597,136.9355476,733.600824454,315.570182354
606.274769946,353.747133867,368.717443387,378.623159689,932.754180834,331.288877165,87.0659216545
519.258070282,394.449444941,187.554459497,52.8481711586,131.116549217,716.528106172,637.41693031
519.316174717,659.784386191,133.068004537,792.9181401,95.1705153552,138.491669167,133.775809481
221.81533649,509.357497754,50.3226011706,931.262642602,517.43067952,12.2954117896,346.818784149
167.849791334,922.466332856,657.220297616,274.972299763,248.035172533,613.869937971,83.925861644
35.9262105327,359.729677152,271.12493163,770.63870232,347.637192661,532.68686553,178.860540957
824.18915004,648.345281267,511.591280444,801.48253833,519.217666301,378.37750485,519.85450362
173.549390518,209.839074608,713.822999087,634.414623954,348.515331067,593.750525606,854.580765583
245.692460346,849.247803617,962.136642011,79.3179797839,698.022388271,638.835573976,452.243573214
404.647067367,256.10283212,410.385820437,975.523034311,431.558883953,515.823824216,890.163437201
974.427232188,705.495460346,792.635815131,942.259298463,322.463282368,78.2668794925,269.25700785
907.144099219,465.610762001,72.5261500701,483.850738835,482.563749333,908.602875115,949.613661394
952.549812696,554.92540501,745.361828969,343.073695057,458.505600228,204.449529583,250.296690621
599.080935304,475.481003243,793.367621923,489.426310817,221.631708879,526.450138457,279.432266393
34.692274481,233.810083009,347.442028877,910.419240237,883.581306512,598.046468848,124.965864693
369.352028475,688.120567503,577.316835418,66.646396378,54.2058711821,466.691054758,738.011574056
568.908835914,981.525691805,312.981834867,552.82982092,76.8989159763,650.540276651,785.88016392
849.542841489,96.7937285124,195.413463394,428.886291777,585.325435247,276.638880246,567.906279378
560.738089698,6.93708348588,680.224048767,668.185007189,493.562589934,172.929631585,7.58253289313
531.507627889,81.1187836501,663.945241196,677.969851997,182.040956388,731.187785609,961.458878633
372.070218886,205.157870398,586.963825067,266.26005973,863.14870843,941.178288751,508.760426996
697.295091221,303.291586484,264.128200558,846.907710285,233.606339506,28.6189528791,103.12863006
107.093586932,869.83624971,378.436843431,376.769121025,403.801404482,750.258838882,949.32078907
663.355157554,583.328079384,106.98852534,945.079956119,102.725975819,525.510652644,819.514677396
178.423371731,546.79946428,285.84691746,914.202147776,177.513258684,209.771594659,688.158409876
523.462729679,658.126493531,251.231977042,406.514134543,889.93148167,111.166075347,282.711849277
804.283721265,900.184162336,358.495640727,338.476929736,181.181063012,976.380887038,926.854216818
737.101852892,624.609295514,529.454264451,154.43821885,290.290409647,656.339823742,727.236581802
117.742798469,225.532737913,633.599934674,307.56466379,957.273336149,961.777823621,809.580694115
762.636139575,918.770879171,99.3591008878,195.736607199,270.358472857,751.465068084,614.490785828
308.593844261,751.591821418,914.053683366,885.771331711,432.619158844,733.779431831,596.899976236
99.0008551071,560.063784477,188.117335947,692.792341814,569.551791263,526.318535107,842.089775332
850.340635873,208.679162232,618.319965618,915.678406332,388.682173804,725.578809316,994.26013161
267.916248769,555.506857622,96.889567495,821.481720818,768.263633507,103.525386678,241.974080224
825.061606193,25.4613711041,187.03158984,450.581290394,242.599870259,786.496177398,157.869976346
592.460360925,910.877605262,89.8016241004,913.918691316,521.682143882,832.298834793,466.222651814
624.720554981,468.144636217,178.802092815,713.252917592,743.992955833,272.386099814,511.038882723
180.938192873,723.266359892,654.22363673,929.763217315,296.696311304,913.975248717,599.673596832
651.163079219,12.8795530473,120.821304293,606.837895866,798.367944541,568.22760765,576.568682959
248.989588637,701.020984377,615.009721005,503.709690604,725.71454607,405.480351683,436.271351731
606.926341268,765.474293039,156.004836923,491.224550599,452.805639734,138.329304215,13.5072593997
875.015798775,764.521558026,414.682535716,425.26842607,972.27185697,245.366886617,41.5710360674
491.136021761,95.6293749337,679.252116627,904.967362823,389.217998835,121.156521651,492.275440395
521.949068529,261.27461771,32.0308972659,479.246379438,822.065337078,636.202735669,222.92811011
200.274943777,735.828969568,155.700507851,411.062997106,434.530122433,628.007901172,345.272370569
612.145666075,43.5414748867,73.2216508985,26.4041946931,185.053975937,985.523279201,455.850012046
379.808112895,977.726031464,693.56665089,673.949010671,336.578436038,558.140143313,130.92848489
902.310376591,734.033129212,412.492225192,223.215830318,136.015738918,570.171917603,49.0292889689
127.22710557,84.2942972471,993.003325768,589.953219361,184.786601202,157.579111795,444.565420548
809.415390392,555.526163385,939.164417012,811.105938954,262.320951707,701.484997079,945.351643146
897.726013301,997.277831003,991.908041947,167.11095062,669.942927168,115.597336167,963.650190288
368.6083009,593.714125376,772.882842719,22.7559746224,129.518604247,213.647572762,901.860775
964.153990925,837.000610258,848.010523329,482.716935089,44.6890751006,398.901515775,415.916782366
735.611512908,818.767207918,302.386037975,370.426641042,559.233418029,697.671085737,112.326906074
644.837780509,964.422980333,599.457655659,881.806716064,430.58173954,370.321818605,691.891712686
489.894751155,471.575380833,750.579861938,142.985709653,433.900081553,422.700080949,815.088884285
841.751233423,303.888527499,217.466127311,893.947206074,150.128581119,878.67179,359.012885115
7.87598587162,566.836913062,466.759810553,742.867295175,152.44591835,714.47107376,458.251073215
658.458881786,626.657321889,365.626840052,843.340842185,350.290561882,117.370523471,640.213857478
251.982588517,769.868427381,443.873389489,153.940363956,158.953340349,273.541217837,922.185609562
636.568277393,368.126897496,344.297338374,131.630993602,805.446763843,771.352978465,371.745768835
137.219559863,57.4083332621,766.749856016,532.979686834,558.604392469,771.414713074,811.547760387
516.133658492,426.579826039,852.297123329,832.647772602,45.9091525909,757.959825546,822.723107187
353.251109041,278.211647678,95.9902440892,391.659477424,927.269943811,780.477727918,907.039071085
17.6426942539,421.649178473,510.115785064,37.2726267064,131.829140006,570.318084412,282.608337921
477.549845127,31.7150317238,445.405403944,501.815176604,345.966089243,869.042557732,473.47600435
437.878855815,883.011540416,375.29250106,131.832939802,209.507084087,65.9185026677,886.773455807
831.839533438,222.136780693,441.323121751,275.7219771,936.927525357,793.307085156,42.1268184168
529.262213844,347.897449996,2.18836207174,128.866145223,132.990234994,585.013988223,409.731936772
333.23009098,788.671001078,741.182461472,753.108638621,798.326356367,984.621278474,883.896291046
739.377630971,573.350325748,364.800910824,707.214949471,12.6992213313,733.883867165,281.238793995
176.526390958,414.345093479,7.23900824277,713.528321261,108.545114862,408.808787398,390.969041746
750.011460466,293.96922916,420.089154286,178.941218903,297.860349426,645.715603338,467.073754723
281.642471329,379.801288499,540.926114648,10.3344276092,574.743574221,137.739997919,352.090094281
713.941285164,540.097990497,374.568273231,135.026783177,750.80143432,629.489944087,362.246911006
910.282331677,511.875137699,401.015124853,999.895310398,278.700161405,946.472948072,814.447969407
233.625217687,256.270390208,866.671624022,544.492628534,362.381128213,55.1508323132,356.550869141
975.899436489,999.684309894,685.473021087,857.994890364,970.484493956,929.45936598,201.674073033
973.607562652,928.934740479,544.492249305,506.896996614,702.475260516,21.785295076,328.100373457
81.1620954171,865.296945264,855.100232277,835.236580385,108.628126242,311.504044279,71.370926091
742.218820983,594.48272638,868.145461513,583.652256676,577.762426589,667.427603111,837.345330337
394.970394714,803.312501129,661.539111766,413.683725323,378.348458674,510.078783789,482.548242593
423.997478646,921.655174385,986.229088552,272.314632222,671.958865923,730.382916987,973.634439499
618.282873025,782.406339811,222.031697208,963.379548717,136.170960441,927.043179836,182.594445538
141.311842375,659.774177213,630.757861962,515.692157539,981.497827591,637.672862994,226.702535586
316.843421409,120.363059628,878.49181749,374.668554234,97.2646965096,117.761590848,204.220001787
260.378086633,121.445186299,492.840334173,942.542187321,634.777250156,873.222264203,548.15754671
506.829512821,810.034915653,737.266128114,994.509201825,961.865209807,568.280417604,762.615100501
925.369731044,191.144294963,711.550543729,66.3301110078,346.141077062,114.40359215,597.258462917
781.530004973,420.983601775,238.33917891,930.79808607,618.496656034,266.048458752,151.287874016
275.905428648,839.724218578,191.864450881,373.828618091,363.927452823,302.920662367,478.700909817
623.27573351,711.139428385,486.855951835,527.972161232,534.203932922,841.275320317,776.674219719
797.485215986,316.990296147,512.920163278,256.513284441,852.510637066,952.439357876,952.056766779
783.722040949,179.60988261,193.035253334,564.473300845,440.804837552,807.397517836,336.509514754
324.615571656,379.27007036,518.449752548,983.371250318,418.238970781,119.614546292,128.810766614
969.453464702,31.0242644531,605.161511386,312.768645909,650.208803206,562.960614985,94.5282773375
716.410711652,866.405340045,615.847308477,429.345603325,297.664365899,838.701337796,605.696222454
809.074551832,684.465075705,314.3946525,429.903084991,328.91174615,303.316805178,322.002748797
958.39926652,220.558548484,743.874474675,769.116782432,836.779271151,576.440020584,976.072160493
876.819401032,387.539389123,6.9649026784,234.843242575,1.69008962978,895.88371484,179.30445579
484.973522174,157.289161297,224.62611989,493.533163389,517.66938354,391.436613762,854.325763529
307.757787939,956.173170518,19.2776227232,719.151566893,325.882373667,404.590561538,707.102310647
247.363143996,269.849183009,614.082940892,695.340905917,328.969850155,252.918441787,962.908216101
584.560411674,550.001997933,240.378486912,664.106576226,345.941496311,361.332652877,907.176617953
865.4521105,743.9676349,493.37847979,13.8483087355,776.206757892,672.715963899,35.4013309715
365.94948248,951.474001967,966.585649805,124.015149575,445.157884093,71.1006711916,381.542974224
350.982563836,88.4347175599,823.902857057,28.6519356953,246.251345192,866.82089023,295.148807342
898.348934762,125.149411336,797.559591375,540.02003829,668.974840017,698.170803799,216.806845418
200.512515586,664.547769394,201.219124132,509.879004199,104.453575579,334.878198375,266.158901739
631.658525617,7.72661172624,400.764251085,608.215288088,609.544502117,262.997347419,451.109280577
240.744117381,189.64884429,666.789798057,854.812366207,474.009521345,87.74655691,867.167192464
442.848509411,883.128220419,742.516177489,632.580465649,176.17881017,187.775296209,340.840901629
537.458348946,668.75665625,274.4938666,642.325665972,349.047442589,891.810942211,500.615839898
177.795556751,678.132299826,41.0912791197,756.986864934,53.1946904772,23.8026311558,144.740921944
844.866135971,325.363557143,878.263375689,381.859619168,616.73733637,829.6934419,565.371150659
632.088163365,181.659564981,451.166793712,83.7436599102,3.51087922269,548.430302788,981.65319443
964.886367727,746.86745117,430.947650047,557.627966379,792.577905796,447.400877093,797.099647151
376.938705112,253.437730755,767.101257558,671.061102126,493.235105806,849.155851485,89.1785025987
715.274141429,443.481027631,267.706734802,494.713363132,610.120838322,993.292110112,115.642866512
314.958681377,972.884824132,966.660109566,917.30810851,479.516792682,44.005813572,350.011715533
160.212648021,51.4715998746,228.378632644,422.787439624,150.438153913,566.940758763,437.889887423
969.507313498,75.7430015092,952.528477399,385.213720889,339.934301789,415.957938308,351.956482055
868.488535577,17.382556845,280.234062154,524.119014194,999.513133084,388.635775734,443.176112862
561.682697962,238.392091688,992.431778496,636.313181662,401.158707174,687.12357104,840.209921608
916.646447175,804.627020348,689.240894201,218.391319756,268.203199917,894.585679077,918.031842546
914.815566618,664.833153585,306.445631975,355.359760007,525.361179814,847.575588192,496.477497741
412.905554896,535.326297301,473.16988198,977.322456718,227.092767601,250.075572847,992.148554561
766.581702145,934.520101521,32.3550000957,532.232298374,34.8982796538,481.578217276,268.365553167
803.706360645,269.132336165,826.759254705,820.429329958,676.164867757,730.854560914,575.68620167
488.048942614,413.696681943,305.026779096,92.1304911029,219.939393545,250.535431782,554.337963411
10.9039586478,405.75074466,189.345483024,103.799279456,526.188680413,527.390793643,982.324318232
869.963259835,160.266613998,305.864722666,158.1367736,325.846768154,939.695125901,257.14934105
898.558969639,10.7259818712,11.0956575948,583.071940746,466.071004499,430.119959866,203.011404826
561.647431125,531.620989127,829.367790652,893.570685388,288.198819116,834.866794637,762.395907075
137.247915439,542.185324561,542.317217842,445.859920456,622.882862688,922.996771345,264.546305302
850.562292312,962.462512606,889.066204693,434.620632749,82.8869921407,261.000600073,211.157298364
74.9506717164,715.036317358,955.417591144,383.037597972,870.64012542,747.227671663,784.025771944
146.612182824,38.4628519854,237.004312712,465.801420626,852.369013553,248.787336117,272.867819662
980.206525396,731.195480911,935.148821049,310.5181454,255.976366531,381.257079329,585.145974334
154.470253023,247.408524744,638.215051499,613.633216913,385.620652808,961.863934255,403.168705346
977.762307088,755.832177699,262.776440697,607.65275491,477.732351523,333.91948263,833.300498015
672.968515694,229.547671942,199.85906504,231.285053796,170.932174189,837.146972013,429.790390987
345.985028056,290.633970089,373.766805928,569.199442544,109.678570222,106.097233471,475.839037574
565.354402657,138.375689744,100.50680478,847.014625664,729.924993969,640.195801625,157.155562433
878.227454684,611.098616838,597.933931416,343.526687847,248.768319069,113.390193429,188.540403552
123.416070048,356.413062337,567.290593797,881.36093765,360.90893507,741.472594013,664.972805502
68.5348142226,669.178859285,123.764700656,681.111552298,446.544216739,751.64617108,128.683453302
348.494312753,306.805880528,681.871166605,145.400753424,359.586071373,689.91455617,450.717694731
193.998763778,222.799232417,247.062825112,531.264454211,564.71979346,968.334486592,551.036445056
631.55709197,815.502357359,613.328041361,90.4612350873,99.4740520239,572.763725308,124.038246481
190.175025196,539.631987994,572.738433228,191.797212421,465.562764095,870.411365044,133.27999801
930.152346928,558.37541967,52.2197432479,577.328210228,400.294048686,221.764609245,982.693519916
363.299860886,613.936296041,463.423709992,144.195854332,643.084279023,516.654014906,392.851604306
587.110827205,89.1224433899,923.062454797,178.660779887,502.925624216,350.621247424,165.260971914
83.363785333,89.9808122659,390.461384759,237.301772508,723.309578097,22.8936724193,120.706980402
796.874808032,133.909470768,17.7136922223,274.599215857,573.359957769,683.888366912,248.64796185
20.3567229871,991.141008654,709.053188712,82.023765537,354.696867679,697.671757376,388.348746429
240.684689094,953.215405664,702.044894208,702.473552846,975.210705471,724.550187961,947.554955107
919.672698465,292.893133737,838.75798767,312.367611149,904.104395631,156.660315845,919.102027125
987.740899744,207.193437381,480.719569424,398.110550386,925.539648533,519.11447858,28.6382626098
564.945478813,81.6859923491,146.317881943,585.693727452,958.047761417,900.708161889,161.62416615
216.452780572,36.9890013911,272.821742966,930.23527996,475.687811388,455.322750756,432.125203237
708.938198156,682.350258255,573.093837012,77.6494211531,379.296990956,64.0733045934,427.130789869
685.825094757,94.5023362911,671.324836729,556.395853207,36.8353491111,420.687616359,190.48991095
133.230560772,103.846428691,430.911150238,737.494594091,525.182948819,829.172041403,600.887469629
82.2158491492,733.216489698,3.84228634161,863.484513684,787.483791777,843.942955125,557.932429822
482.827212233,533.035967037,302.73890959,477.353801826,842.319586643,657.903616101,156.033402853
760.117793918,24.5986481724,954.899203845,234.341530426,402.168819817,96.6891429499,517.511862983
654.269470743,325.095528218,558.9864556,20.1335798582,775.102102062,820.205969352,717.901333122
487.659438476,69.1093326806,925.125503361,381.377042437,53.0809031249,629.625144307,608.054387941
886.710515061,786.907933614,273.443185826,199.709032591,750.009895735,849.209553986,698.492126939
203.864796327,250.69722017,732.47259784,19.7534868953,942.796172396,275.229092887,373.087888073
414.627001968,343.931430972,808.531225542,221.596933012,851.438622747,179.903528939,184.992599811
926.097884025,933.451021068,106.900696168,439.434943753,435.526609007,668.529021541,840.615859291
998.134366845,636.894258218,429.684763533,130.537484426,115.908145716,592.081846392,642.691802741
625.160683921,844.952556282,238.809882749,113.223638478,87.8430882385,664.908829801,148.629197315
276.601494095,832.551800002,57.2750368351,36.6042966658,292.022622,949.379682577,486.529277027
790.473529065,589.542027295,429.766646553,428.592140969,287.403319402,845.402331042,85.4876949709
664.76332363,291.692808313,988.969172486,345.834571192,923.075203988,923.534550617,158.380082648
553.283220966,246.846868878,520.183748366,955.612900008,635.191582756,923.450583476,680.077831186
371.188821714,652.369527398,48.9883898361,482.875393063,978.607185037,39.9738919719,795.119295228
249.080198883,931.428265047,887.742085597,867.138731743,98.9370216119,381.9418807,852.194021073
864.059937748,641.865191805,296.342789632,728.881716561,609.182542738,52.9516533419,182.73678874
692.06160773,340.221505279,692.799106122,162.263097747,699.990722887,456.151586275,828.463992767
487.575344723,88.2957524401,589.998546401,311.704545405,249.425038366,715.413312607,420.320117575
530.156211065,552.566796797,160.765242293,38.2442993224,285.25991122,415.587214743,466.34790166
933.666346141,784.997980892,760.737551208,20.0239175866,435.791826564,77.050880243,604.417710289
465.536108957,669.885226927,737.684541124,278.894729133,505.940144833,763.193477613,8.59521124917
894.297328255,212.182166493,645.325398026,809.952509192,175.063487147,704.504531164,129.064665417
535.485046953,934.056868921,170.640003389,80.5298246618,566.555214845,293.771137344,719.826444406
653.624796663,621.218118098,909.418539401,966.818946405,35.8972896694,917.314522274,530.183460997
535.947898776,521.682133944,705.443691466,254.15603843,201.293069427,161.615941651,855.01757785
225.391344006,878.422960003,40.7947977629,827.953110437,198.416973702,791.076391107,110.723406508
435.800987198,674.716160818,673.318562501,250.650262295,322.274797202,842.481259398,468.044295861
261.571006694,305.972725876,392.946060763,458.348662778,629.958224698,649.847952003,779.630011544
639.459473728,73.7419125851,551.526027911,918.370002623,815.685063987,582.131322739,766.999021547
504.577405535,108.440608112,998.918760978,906.306907494,680.263288583,25.7473372383,471.438087767
766.26747677,306.6991149,102.568714808,321.011897014,384.505793098,250.277053493,719.832438099
544.626000226,952.894380625,887.587030663,344.053353495,360.609526782,767.08692183,33.90843589
152.610011384,637.363220661,405.004696264,557.723352157,383.078235332,144.453007598,258.036974544
293.905886931,86.6417277003,125.50610862,541.955051123,660.477008181,698.032197231,416.908029297
189.012071879,34.9661165994,375.004457542,588.211311022,945.759239726,315.381214561,131.361134737
31.0200993046,535.194588605,352.186691416,141.554119501,996.984362324,434.892807672,487.000700568
721.029849915,23.2414230523,247.477341965,185.4338363,38.4388166091,14.0853466417,796.71052773
957.533852545,236.243843023,14.774694907,267.858542735,213.217818523,492.02928065,295.112485377
638.577747517,599.040031413,815.862947101,33.9670899676,754.446115138,644.337187168,921.56327621
240.820059811,484.00962174,977.621607065,358.199994635,608.019783602,902.384628173,449.438615626
905.381923868,970.006508015,783.04601923,460.385975511,787.828602625,336.104033379,363.603148337
185.104052775,907.838260537,969.954509345,121.763997251,362.370505864,287.294732603,536.885505221
942.617688929,391.676345544,702.790342209,695.630132556,859.411350393,948.072015996,713.138563827
114.405647786,397.836492953,708.351899253,813.619797708,639.124198985,770.718280184,838.185924061
46.6170644673,601.57866496,850.592579855,226.138366454,779.548243276,319.283792807,722.31979404
883.617341896,582.055618537,943.78672432,243.601409773,709.914978748,570.025270881,546.271857647
70.4944609384,385.90891045,115.716138156,660.134195723,647.608465455,691.721056735,654.206590901
676.921968473,980.647128024,198.151698604,154.457587715,456.526320088,522.115290534,879.866179008
794.988811548,401.254894462,329.225834393,52.4769913259,506.88217047,73.1973211032,187.417480156
